U+33 594 183.0 700.0 1 183.0 703.0 0 198.0 816.0 0 198.0 1014.0 1 198.0 1117.0 0 196.0 1240.0 0 196.0 1422.0 1 196.0 1462.0 0 196.0 1505.0 0 196.0 1550.0 1 196.0 1605.0 0 241.0 1649.0 0 296.0 1649.0 1 351.0 1649.0 0 396.0 1604.0 0 396.0 1549.0 1 396.0 1548.0 0 396.0 1493.0 0 396.0 1422.0 1 396.0 1342.0 0 398.0 1018.0 0 398.0 1014.0 1 398.0 901.0 0 395.0 806.0 0 382.0 689.0 1 377.0 639.0 0 335.0 600.0 0 283.0 600.0 1 228.0 600.0 0 183.0 645.0 0 END 408.0 400.0 1 453.0 400.0 0 519.0 361.0 0 519.0 288.0 1 519.0 239.0 0 482.0 197.0 0 455.0 171.0 1 445.0 161.0 0 393.0 117.0 0 349.0 77.0 1 322.0 52.0 0 297.0 16.0 0 297.0 0.0 1 297.0 73.0 0 75.0 172.0 0 75.0 288.0 1 75.0 361.0 0 141.0 400.0 0 186.0 400.0 1 259.0 400.0 0 297.0 341.0 0 297.0 300.0 1 297.0 341.0 0 335.0 400.0 0 END ENDGLYPH
U+34 856 681.0 1649.0 1 736.0 1649.0 0 781.0 1604.0 0 781.0 1549.0 1 781.0 1517.0 0 781.0 1515.0 0 702.0 1406.0 1 670.0 1361.0 0 643.0 1324.0 0 610.0 1271.0 1 592.0 1243.0 0 561.0 1224.0 0 525.0 1224.0 1 470.0 1224.0 0 425.0 1269.0 0 425.0 1324.0 1 425.0 1343.0 0 430.0 1362.0 0 440.0 1377.0 1 495.0 1466.0 0 546.0 1529.0 0 599.0 1606.0 1 617.0 1632.0 0 647.0 1649.0 0 END 331.0 1649.0 1 386.0 1649.0 0 431.0 1604.0 0 431.0 1549.0 1 431.0 1517.0 0 431.0 1515.0 0 352.0 1406.0 1 320.0 1361.0 0 293.0 1324.0 0 260.0 1271.0 1 242.0 1243.0 0 211.0 1224.0 0 175.0 1224.0 1 120.0 1224.0 0 75.0 1269.0 0 75.0 1324.0 1 75.0 1343.0 0 80.0 1362.0 0 90.0 1377.0 1 145.0 1466.0 0 196.0 1529.0 0 249.0 1606.0 1 267.0 1632.0 0 297.0 1649.0 0 END ENDGLYPH
U+35 1261 550.0 717.0 1 592.0 722.0 0 634.0 727.0 0 675.0 731.0 1 686.0 786.0 0 697.0 843.0 0 708.0 905.0 1 669.0 899.0 0 628.0 892.0 0 586.0 885.0 1 577.0 830.0 0 564.0 774.0 0 END 375.0 849.0 1 373.0 849.0 0 208.0 823.0 0 175.0 823.0 1 120.0 823.0 0 75.0 868.0 0 75.0 923.0 1 75.0 975.0 0 114.0 1018.0 0 165.0 1023.0 1 244.0 1031.0 0 323.0 1043.0 0 402.0 1056.0 1 402.0 1066.0 0 403.0 1074.0 0 403.0 1084.0 1 403.0 1301.0 0 322.0 1507.0 0 322.0 1549.0 1 322.0 1604.0 0 367.0 1649.0 0 422.0 1649.0 1 468.0 1649.0 0 506.0 1618.0 0 518.0 1576.0 1 574.0 1380.0 0 602.0 1234.0 0 603.0 1091.0 1 650.0 1099.0 0 695.0 1106.0 0 739.0 1112.0 1 753.0 1230.0 0 764.0 1368.0 0 768.0 1536.0 1 769.0 1590.0 0 814.0 1634.0 0 868.0 1634.0 1 923.0 1634.0 0 968.0 1589.0 0 968.0 1534.0 1 968.0 1530.0 0 966.0 1337.0 0 942.0 1127.0 1 989.0 1126.0 0 1186.0 1115.0 0 1186.0 992.0 1 1186.0 937.0 0 1141.0 892.0 0 1086.0 892.0 1 1028.0 892.0 0 1047.0 927.0 0 925.0 927.0 1 921.0 927.0 0 918.0 927.0 0 914.0 927.0 1 903.0 863.0 0 892.0 804.0 0 881.0 748.0 1 924.0 750.0 0 970.0 752.0 0 1018.0 752.0 1 1036.0 752.0 0 1055.0 751.0 0 1074.0 751.0 1 1128.0 750.0 0 1172.0 705.0 0 1172.0 651.0 1 1172.0 596.0 0 1127.0 551.0 0 1072.0 551.0 1 1071.0 551.0 0 1046.0 552.0 0 1018.0 552.0 1 956.0 552.0 0 899.0 549.0 0 844.0 545.0 1 828.0 445.0 0 817.0 343.0 0 817.0 222.0 1 817.0 161.0 0 820.0 101.0 0 820.0 100.0 1 820.0 45.0 0 775.0 0.0 0 720.0 0.0 1 667.0 0.0 0 623.0 42.0 0 620.0 95.0 1 618.0 140.0 0 617.0 182.0 0 617.0 222.0 1 617.0 337.0 0 626.0 434.0 0 639.0 526.0 1 593.0 521.0 0 545.0 515.0 0 496.0 510.0 1 468.0 403.0 0 449.0 312.0 0 449.0 216.0 1 449.0 166.0 0 457.0 101.0 0 457.0 100.0 1 457.0 45.0 0 412.0 0.0 0 357.0 0.0 1 307.0 0.0 0 265.0 37.0 0 258.0 86.0 1 252.0 131.0 0 249.0 174.0 0 249.0 216.0 1 249.0 315.0 0 265.0 406.0 0 286.0 495.0 1 260.0 494.0 0 233.0 493.0 0 206.0 492.0 1 205.0 492.0 0 205.0 492.0 0 204.0 492.0 1 149.0 492.0 0 104.0 537.0 0 104.0 592.0 1 104.0 646.0 0 148.0 691.0 0 202.0 692.0 1 250.0 693.0 0 296.0 695.0 0 339.0 698.0 1 353.0 751.0 0 365.0 801.0 0 END ENDGLYPH
U+36 1105 722.0 494.0 1 748.0 500.0 0 797.0 513.0 0 824.0 531.0 1 829.0 529.0 1 829.0 531.0 0 830.0 534.0 0 830.0 536.0 1 830.0 554.0 0 826.0 587.0 0 734.0 640.0 1 729.0 589.0 0 725.0 540.0 0 END 579.0 1092.0 1 546.0 1070.0 0 515.0 1040.0 0 515.0 1003.0 1 515.0 986.0 0 541.0 965.0 0 564.0 950.0 1 569.0 998.0 0 574.0 1045.0 0 END 808.0 1378.0 1 844.0 1385.0 0 910.0 1398.0 0 924.0 1398.0 1 979.0 1398.0 0 1024.0 1353.0 0 1024.0 1298.0 1 1024.0 1249.0 0 988.0 1208.0 0 941.0 1200.0 1 892.0 1191.0 0 840.0 1182.0 0 788.0 1170.0 1 778.0 1069.0 0 766.0 961.0 0 755.0 855.0 1 858.0 805.0 0 1030.0 716.0 0 1030.0 536.0 1 1030.0 387.0 0 898.0 321.0 0 712.0 288.0 1 712.0 282.0 0 712.0 277.0 0 712.0 272.0 1 712.0 235.0 0 713.0 198.0 0 717.0 175.0 1 738.0 157.0 0 751.0 130.0 0 751.0 100.0 1 751.0 45.0 0 706.0 0.0 0 651.0 0.0 1 513.0 0.0 0 512.0 185.0 0 512.0 263.0 1 402.0 254.0 0 264.0 248.0 0 185.0 240.0 1 182.0 240.0 0 178.0 239.0 0 175.0 239.0 1 120.0 239.0 0 75.0 284.0 0 75.0 339.0 1 75.0 391.0 0 115.0 433.0 0 165.0 438.0 1 260.0 448.0 0 397.0 454.0 0 519.0 465.0 1 524.0 548.0 0 533.0 639.0 0 542.0 734.0 1 459.0 775.0 0 315.0 852.0 0 315.0 1003.0 1 315.0 1088.0 0 355.0 1235.0 0 602.0 1324.0 1 610.0 1411.0 0 616.0 1490.0 0 619.0 1553.0 1 621.0 1606.0 0 665.0 1649.0 0 719.0 1649.0 1 774.0 1649.0 0 819.0 1604.0 0 819.0 1549.0 1 819.0 1543.0 0 817.0 1484.0 0 END ENDGLYPH
U+37 1560 653.0 1316.0 1 653.0 1167.0 0 502.0 843.0 0 285.0 843.0 1 189.0 843.0 0 75.0 914.0 0 75.0 1039.0 1 75.0 1110.0 0 110.0 1173.0 0 144.0 1234.0 1 183.0 1303.0 0 215.0 1359.0 0 302.0 1427.0 1 356.0 1469.0 0 417.0 1499.0 0 480.0 1499.0 1 566.0 1499.0 0 653.0 1439.0 0 END 285.0 1043.0 1 329.0 1043.0 0 424.0 1174.0 0 449.0 1286.0 1 334.0 1217.0 0 277.0 1049.0 0 276.0 1046.0 1 281.0 1044.0 0 283.0 1043.0 0 END 1485.0 567.0 1 1485.0 418.0 0 1334.0 94.0 0 1117.0 94.0 1 1021.0 94.0 0 907.0 165.0 0 907.0 290.0 1 907.0 361.0 0 942.0 424.0 0 976.0 485.0 1 1015.0 554.0 0 1047.0 610.0 0 1134.0 678.0 1 1188.0 720.0 0 1249.0 750.0 0 1312.0 750.0 1 1398.0 750.0 0 1485.0 690.0 0 END 1117.0 294.0 1 1161.0 294.0 0 1256.0 425.0 0 1281.0 537.0 1 1166.0 468.0 0 1109.0 300.0 0 1108.0 297.0 1 1113.0 295.0 0 1115.0 294.0 0 END 330.0 0.0 1 275.0 0.0 0 230.0 45.0 0 230.0 100.0 1 230.0 116.0 0 233.0 131.0 0 240.0 144.0 1 374.0 414.0 0 508.0 595.0 0 649.0 787.0 1 685.0 835.0 0 721.0 884.0 0 758.0 936.0 1 866.0 1086.0 0 990.0 1365.0 0 1145.0 1603.0 1 1163.0 1630.0 0 1194.0 1649.0 0 1229.0 1649.0 1 1284.0 1649.0 0 1329.0 1604.0 0 1329.0 1549.0 1 1329.0 1529.0 0 1323.0 1511.0 0 1313.0 1495.0 1 1161.0 1260.0 0 1043.0 990.0 0 921.0 820.0 1 883.0 767.0 0 846.0 717.0 0 810.0 669.0 1 668.0 477.0 0 545.0 310.0 0 419.0 56.0 1 403.0 23.0 0 369.0 0.0 0 END ENDGLYPH
U+38 1465 663.0 1449.0 1 502.0 1449.0 0 492.0 1353.0 0 492.0 1301.0 1 492.0 1248.0 0 510.0 1226.0 0 601.0 1117.0 1 605.0 1122.0 0 608.0 1127.0 0 612.0 1133.0 1 686.0 1245.0 0 782.0 1311.0 0 782.0 1383.0 1 782.0 1384.0 0 782.0 1424.0 0 780.0 1438.0 1 756.0 1446.0 0 709.0 1449.0 0 END 275.0 261.0 1 275.0 242.0 0 275.0 200.0 0 423.0 200.0 1 555.0 200.0 0 661.0 253.0 0 784.0 347.0 1 661.0 533.0 0 701.0 601.0 0 585.0 798.0 1 419.0 635.0 0 396.0 585.0 0 325.0 424.0 1 306.0 380.0 0 275.0 310.0 0 END 940.0 474.0 1 1038.0 556.0 0 1219.0 700.0 0 1290.0 700.0 1 1345.0 700.0 0 1390.0 655.0 0 1390.0 600.0 1 1390.0 561.0 0 1368.0 528.0 0 1336.0 511.0 1 1240.0 461.0 0 1153.0 391.0 0 1064.0 317.0 1 1090.0 289.0 0 1089.0 290.0 0 1208.0 171.0 1 1226.0 153.0 0 1238.0 128.0 0 1238.0 100.0 1 1238.0 45.0 0 1193.0 0.0 0 1138.0 0.0 1 1097.0 0.0 0 1085.0 12.0 0 1030.0 66.0 1 990.0 106.0 0 949.0 146.0 0 909.0 190.0 1 785.0 95.0 0 629.0 0.0 0 423.0 0.0 1 312.0 0.0 0 75.0 27.0 0 75.0 261.0 1 75.0 342.0 0 87.0 372.0 0 153.0 530.0 1 239.0 736.0 0 326.0 822.0 0 469.0 964.0 1 456.0 980.0 0 442.0 995.0 0 430.0 1010.0 1 354.0 1100.0 0 292.0 1175.0 0 292.0 1301.0 1 292.0 1508.0 0 429.0 1649.0 0 663.0 1649.0 1 776.0 1649.0 0 901.0 1639.0 0 955.0 1539.0 1 971.0 1510.0 0 982.0 1480.0 0 982.0 1383.0 1 982.0 1264.0 0 911.0 1182.0 0 849.0 1111.0 1 762.0 1010.0 0 789.0 1030.0 0 726.0 950.0 1 884.0 705.0 0 846.0 623.0 0 END ENDGLYPH
U+39 506 331.0 1649.0 1 386.0 1649.0 0 431.0 1604.0 0 431.0 1549.0 1 431.0 1517.0 0 431.0 1515.0 0 352.0 1406.0 1 320.0 1361.0 0 293.0 1324.0 0 260.0 1271.0 1 242.0 1243.0 0 211.0 1224.0 0 175.0 1224.0 1 120.0 1224.0 0 75.0 1269.0 0 75.0 1324.0 1 75.0 1343.0 0 80.0 1362.0 0 90.0 1377.0 1 145.0 1466.0 0 196.0 1529.0 0 249.0 1606.0 1 267.0 1632.0 0 297.0 1649.0 0 END ENDGLYPH
U+40 731 537.0 1649.0 1 592.0 1649.0 0 637.0 1604.0 0 637.0 1549.0 1 637.0 1524.0 0 627.0 1501.0 0 611.0 1483.0 1 472.0 1325.0 0 407.0 1236.0 0 373.0 1170.0 1 349.0 1124.0 0 350.0 1124.0 0 302.0 960.0 1 287.0 874.0 0 275.0 626.0 0 275.0 444.0 1 275.0 387.0 0 277.0 255.0 0 288.0 199.0 1 386.0 -293.0 0 402.0 -372.0 0 614.0 -525.0 1 639.0 -543.0 0 656.0 -573.0 0 656.0 -606.0 1 656.0 -661.0 0 611.0 -706.0 0 556.0 -706.0 1 534.0 -706.0 0 513.0 -699.0 0 497.0 -687.0 1 220.0 -487.0 0 188.0 -326.0 0 102.0 105.0 1 84.0 197.0 0 75.0 242.0 0 75.0 444.0 1 75.0 572.0 0 84.0 929.0 0 109.0 1016.0 1 179.0 1256.0 0 197.0 1315.0 0 462.0 1615.0 1 480.0 1636.0 0 507.0 1649.0 0 END ENDGLYPH
U+41 731 194.0 -706.0 1 139.0 -706.0 0 94.0 -661.0 0 94.0 -606.0 1 94.0 -581.0 0 103.0 -558.0 0 119.0 -540.0 1 258.0 -382.0 0 323.0 -293.0 0 357.0 -227.0 1 381.0 -181.0 0 381.0 -181.0 0 429.0 -17.0 1 444.0 69.0 0 456.0 317.0 0 456.0 499.0 1 456.0 556.0 0 454.0 688.0 0 443.0 744.0 1 345.0 1236.0 0 329.0 1315.0 0 117.0 1468.0 1 92.0 1486.0 0 75.0 1516.0 0 75.0 1549.0 1 75.0 1604.0 0 120.0 1649.0 0 175.0 1649.0 1 197.0 1649.0 0 217.0 1642.0 0 233.0 1630.0 1 510.0 1430.0 0 542.0 1269.0 0 628.0 838.0 1 646.0 746.0 0 656.0 701.0 0 656.0 499.0 1 656.0 371.0 0 646.0 14.0 0 621.0 -73.0 1 551.0 -313.0 0 534.0 -372.0 0 269.0 -672.0 1 251.0 -693.0 0 224.0 -706.0 0 END ENDGLYPH
U+42 1325 369.0 1449.0 1 360.0 1449.0 0 275.0 1430.0 0 275.0 1352.0 1 275.0 1280.0 0 381.0 1189.0 0 464.0 1116.0 1 555.0 1036.0 0 624.0 975.0 0 663.0 939.0 1 715.0 987.0 0 939.0 1184.0 0 942.0 1187.0 1 1040.0 1282.0 0 1050.0 1334.0 0 1050.0 1352.0 1 1050.0 1430.0 0 966.0 1449.0 0 957.0 1449.0 1 920.0 1449.0 0 904.0 1440.0 0 883.0 1420.0 1 663.0 1184.0 1 442.0 1420.0 1 421.0 1440.0 0 406.0 1449.0 0 END 957.0 1649.0 1 1075.0 1649.0 0 1250.0 1546.0 0 1250.0 1352.0 1 1250.0 1222.0 0 1152.0 1112.0 0 1081.0 1043.0 1 1054.0 1017.0 0 916.0 900.0 0 800.0 794.0 1 728.0 728.0 0 663.0 632.0 0 663.0 590.0 1 663.0 632.0 0 597.0 728.0 0 525.0 794.0 1 409.0 900.0 0 271.0 1017.0 0 244.0 1043.0 1 173.0 1112.0 0 75.0 1222.0 0 75.0 1352.0 1 75.0 1546.0 0 251.0 1649.0 0 369.0 1649.0 1 562.0 1649.0 0 663.0 1493.0 0 663.0 1384.0 1 663.0 1493.0 0 764.0 1649.0 0 END ENDGLYPH
U+43 1122 411.0 100.0 1 411.0 103.0 0 427.0 282.0 0 434.0 383.0 1 390.0 381.0 0 345.0 380.0 0 298.0 380.0 1 259.0 380.0 0 218.0 380.0 0 173.0 381.0 1 119.0 382.0 0 75.0 426.0 0 75.0 481.0 1 75.0 536.0 0 120.0 581.0 0 175.0 581.0 1 179.0 581.0 0 240.0 580.0 0 298.0 580.0 1 352.0 580.0 0 400.0 581.0 0 447.0 584.0 1 453.0 701.0 0 457.0 819.0 0 459.0 961.0 1 460.0 1015.0 0 504.0 1059.0 0 559.0 1059.0 1 614.0 1059.0 0 659.0 1014.0 0 659.0 959.0 1 659.0 955.0 0 656.0 784.0 0 648.0 608.0 1 761.0 628.0 0 775.0 634.0 0 899.0 702.0 1 913.0 710.0 0 930.0 714.0 0 947.0 714.0 1 1002.0 714.0 0 1047.0 669.0 0 1047.0 614.0 1 1047.0 576.0 0 1026.0 543.0 0 995.0 526.0 1 856.0 449.0 0 817.0 432.0 0 636.0 404.0 1 629.0 308.0 0 622.0 206.0 0 611.0 91.0 1 606.0 40.0 0 563.0 0.0 0 511.0 0.0 1 456.0 0.0 0 411.0 45.0 0 END ENDGLYPH
U+44 506 331.0 425.0 1 386.0 425.0 0 431.0 380.0 0 431.0 325.0 1 431.0 293.0 0 431.0 291.0 0 352.0 182.0 1 320.0 137.0 0 293.0 100.0 0 260.0 47.0 1 242.0 19.0 0 211.0 0.0 0 175.0 0.0 1 120.0 0.0 0 75.0 45.0 0 75.0 100.0 1 75.0 119.0 0 80.0 138.0 0 90.0 153.0 1 145.0 242.0 0 196.0 305.0 0 249.0 382.0 1 267.0 408.0 0 297.0 425.0 0 END ENDGLYPH
U+45 1133 760.0 454.0 1 603.0 454.0 0 292.0 411.0 0 175.0 411.0 1 120.0 411.0 0 75.0 456.0 0 75.0 511.0 1 75.0 565.0 0 118.0 609.0 0 171.0 611.0 1 370.0 618.0 0 582.0 654.0 0 760.0 654.0 1 967.0 654.0 0 1058.0 607.0 0 1058.0 524.0 1 1058.0 469.0 0 1013.0 424.0 0 958.0 424.0 1 912.0 424.0 0 911.0 454.0 0 END ENDGLYPH
U+46 594 408.0 400.0 1 453.0 400.0 0 519.0 361.0 0 519.0 288.0 1 519.0 239.0 0 482.0 197.0 0 455.0 171.0 1 445.0 161.0 0 393.0 117.0 0 349.0 77.0 1 322.0 52.0 0 297.0 16.0 0 297.0 0.0 1 297.0 73.0 0 75.0 172.0 0 75.0 288.0 1 75.0 361.0 0 141.0 400.0 0 186.0 400.0 1 259.0 400.0 0 297.0 341.0 0 297.0 300.0 1 297.0 341.0 0 335.0 400.0 0 END ENDGLYPH
U+47 1443 1268.0 1649.0 1 1323.0 1649.0 0 1368.0 1604.0 0 1368.0 1549.0 1 1368.0 1532.0 0 1364.0 1517.0 0 1357.0 1503.0 1 1106.0 1018.0 0 838.0 211.0 0 728.0 20.0 1 665.0 -89.0 0 562.0 -230.0 0 463.0 -367.0 1 383.0 -477.0 0 306.0 -584.0 0 260.0 -659.0 1 242.0 -687.0 0 211.0 -706.0 0 175.0 -706.0 1 120.0 -706.0 0 75.0 -661.0 0 75.0 -606.0 1 75.0 -587.0 0 80.0 -568.0 0 90.0 -553.0 1 203.0 -372.0 0 454.0 -54.0 0 554.0 120.0 1 651.0 288.0 0 922.0 1099.0 0 1179.0 1595.0 1 1196.0 1627.0 0 1229.0 1649.0 0 END ENDGLYPH
U+48 1021 746.0 1219.0 1 746.0 1273.0 0 739.0 1449.0 0 655.0 1449.0 1 480.0 1449.0 0 454.0 1382.0 0 396.0 1237.0 1 386.0 1212.0 0 375.0 1186.0 0 363.0 1158.0 1 299.0 1013.0 0 275.0 901.0 0 275.0 775.0 1 275.0 539.0 0 356.0 200.0 0 435.0 200.0 1 569.0 200.0 0 746.0 959.0 0 END 435.0 0.0 1 79.0 0.0 0 75.0 766.0 0 75.0 775.0 1 75.0 933.0 0 107.0 1072.0 0 180.0 1238.0 1 209.0 1303.0 0 229.0 1364.0 0 260.0 1425.0 1 327.0 1555.0 0 432.0 1649.0 0 655.0 1649.0 1 731.0 1649.0 0 946.0 1614.0 0 946.0 1219.0 1 946.0 1040.0 0 873.0 617.0 0 752.0 307.0 1 715.0 214.0 0 624.0 0.0 0 END ENDGLYPH
U+49 459 284.0 1649.0 1 339.0 1649.0 0 384.0 1604.0 0 384.0 1549.0 1 384.0 1129.0 0 319.0 943.0 0 304.0 663.0 1 297.0 532.0 0 279.0 178.0 0 275.0 95.0 1 272.0 42.0 0 228.0 0.0 0 175.0 0.0 1 120.0 0.0 0 75.0 45.0 0 75.0 100.0 1 75.0 110.0 0 104.0 669.0 0 104.0 675.0 1 120.0 973.0 0 183.0 1130.0 0 184.0 1549.0 1 184.0 1604.0 0 229.0 1649.0 0 END ENDGLYPH
U+50 1272 755.0 1649.0 1 872.0 1649.0 0 1118.0 1629.0 0 1118.0 1347.0 1 1118.0 1345.0 0 1118.0 1343.0 0 1118.0 1342.0 1 1118.0 1328.0 0 1117.0 1311.0 0 1103.0 1170.0 1 1083.0 968.0 0 938.0 803.0 0 784.0 627.0 1 701.0 532.0 0 673.0 500.0 0 575.0 374.0 1 535.0 322.0 0 497.0 275.0 0 450.0 221.0 1 600.0 231.0 0 791.0 240.0 0 964.0 240.0 1 1011.0 240.0 0 1057.0 240.0 0 1101.0 238.0 1 1154.0 236.0 0 1197.0 192.0 0 1197.0 138.0 1 1197.0 83.0 0 1152.0 38.0 0 1097.0 38.0 1 1091.0 38.0 0 1047.0 40.0 0 964.0 40.0 1 626.0 40.0 0 203.0 0.0 0 203.0 0.0 1 200.0 0.0 0 196.0 0.0 0 193.0 0.0 1 138.0 0.0 0 93.0 45.0 0 93.0 100.0 1 93.0 129.0 0 105.0 155.0 0 124.0 173.0 1 375.0 410.0 0 341.0 424.0 0 633.0 758.0 1 884.0 1045.0 0 891.0 1089.0 0 910.0 1243.0 1 915.0 1282.0 0 918.0 1319.0 0 918.0 1347.0 1 918.0 1400.0 0 918.0 1449.0 0 755.0 1449.0 1 583.0 1449.0 0 464.0 1345.0 0 313.0 1208.0 1 221.0 1124.0 0 214.0 1119.0 0 175.0 1119.0 1 120.0 1119.0 0 75.0 1164.0 0 75.0 1219.0 1 75.0 1249.0 0 88.0 1276.0 0 109.0 1294.0 1 132.0 1314.0 0 155.0 1336.0 0 179.0 1357.0 1 332.0 1495.0 0 501.0 1649.0 0 END ENDGLYPH
U+51 1409 972.0 1449.0 1 592.0 1449.0 0 407.0 1341.0 0 346.0 1341.0 1 291.0 1341.0 0 246.0 1386.0 0 246.0 1441.0 1 246.0 1485.0 0 275.0 1523.0 0 315.0 1536.0 1 532.0 1608.0 0 724.0 1649.0 0 972.0 1649.0 1 1135.0 1649.0 0 1334.0 1649.0 0 1334.0 1435.0 1 1334.0 1301.0 0 1233.0 1227.0 0 1111.0 1140.0 1 1080.0 1118.0 0 1050.0 1096.0 0 1022.0 1074.0 1 974.0 1036.0 0 941.0 1015.0 0 837.0 952.0 1 966.0 837.0 0 994.0 793.0 0 1011.0 754.0 1 1022.0 729.0 0 1053.0 647.0 0 1053.0 530.0 1 1053.0 20.0 0 436.0 0.0 0 175.0 0.0 1 120.0 0.0 0 75.0 45.0 0 75.0 100.0 1 75.0 155.0 0 120.0 200.0 0 175.0 200.0 1 794.0 200.0 0 853.0 391.0 0 853.0 530.0 1 853.0 593.0 0 837.0 659.0 0 823.0 681.0 1 753.0 787.0 0 584.0 864.0 0 584.0 960.0 1 584.0 1020.0 0 632.0 1055.0 0 653.0 1071.0 1 712.0 1115.0 0 829.0 1176.0 0 898.0 1230.0 1 982.0 1296.0 0 1072.0 1351.0 0 1115.0 1398.0 1 1134.0 1419.0 0 1134.0 1427.0 0 1134.0 1435.0 1 1134.0 1437.0 0 1134.0 1438.0 0 1134.0 1439.0 1 1104.0 1447.0 0 1046.0 1449.0 0 END ENDGLYPH
U+52 1326 291.0 768.0 1 288.0 768.0 0 75.0 769.0 0 75.0 906.0 1 75.0 907.0 0 75.0 909.0 0 75.0 910.0 1 75.0 985.0 0 132.0 1270.0 0 145.0 1554.0 1 147.0 1607.0 0 191.0 1649.0 0 245.0 1649.0 1 300.0 1649.0 0 345.0 1604.0 0 345.0 1549.0 1 345.0 1442.0 0 329.0 1328.0 0 281.0 968.0 1 284.0 968.0 0 288.0 968.0 0 291.0 968.0 1 360.0 968.0 0 449.0 1009.0 0 555.0 1053.0 1 579.0 1204.0 0 601.0 1364.0 0 620.0 1559.0 1 625.0 1610.0 0 668.0 1649.0 0 720.0 1649.0 1 775.0 1649.0 0 820.0 1604.0 0 820.0 1549.0 1 820.0 1528.0 0 796.0 1311.0 0 769.0 1128.0 1 817.0 1141.0 0 897.0 1158.0 0 979.0 1158.0 1 1200.0 1158.0 0 1251.0 993.0 0 1251.0 959.0 1 1251.0 904.0 0 1206.0 859.0 0 1151.0 859.0 1 1110.0 859.0 0 1074.0 884.0 0 1059.0 920.0 1 1051.0 938.0 0 1042.0 958.0 0 979.0 958.0 1 919.0 958.0 0 838.0 945.0 0 734.0 908.0 1 618.0 213.0 0 617.0 201.0 0 617.0 168.0 1 617.0 167.0 0 617.0 167.0 0 617.0 166.0 1 617.0 162.0 0 640.0 141.0 0 640.0 100.0 1 640.0 45.0 0 595.0 0.0 0 540.0 0.0 1 469.0 0.0 0 417.0 77.0 0 417.0 166.0 1 417.0 217.0 0 451.0 437.0 0 517.0 820.0 1 428.0 785.0 0 359.0 768.0 0 END ENDGLYPH
U+53 1439 175.0 298.0 1 251.0 298.0 0 337.0 200.0 0 359.0 200.0 1 486.0 200.0 0 836.0 354.0 0 939.0 545.0 1 939.0 546.0 0 941.0 553.0 0 941.0 562.0 1 941.0 603.0 0 916.0 669.0 0 847.0 702.0 1 754.0 747.0 0 294.0 1199.0 0 294.0 1452.0 1 294.0 1592.0 0 455.0 1649.0 0 1132.0 1649.0 1 1136.0 1649.0 0 1139.0 1649.0 0 1143.0 1649.0 1 1210.0 1649.0 0 1289.0 1649.0 0 1347.0 1564.0 1 1358.0 1548.0 0 1364.0 1529.0 0 1364.0 1508.0 1 1364.0 1453.0 0 1319.0 1408.0 0 1264.0 1408.0 1 1231.0 1408.0 0 1202.0 1424.0 0 1184.0 1448.0 1 1176.0 1449.0 0 1165.0 1449.0 0 1132.0 1449.0 1 1012.0 1449.0 0 656.0 1447.0 0 505.0 1409.0 1 551.0 1276.0 0 733.0 1051.0 0 933.0 882.0 1 1080.0 811.0 0 1141.0 672.0 0 1141.0 562.0 1 1141.0 288.0 0 608.0 0.0 0 359.0 0.0 1 238.0 0.0 0 202.0 81.0 0 139.0 105.0 1 101.0 119.0 0 75.0 155.0 0 75.0 198.0 1 75.0 253.0 0 120.0 298.0 0 END ENDGLYPH
U+54 1247 972.0 546.0 1 972.0 658.0 0 945.0 858.0 0 748.0 858.0 1 643.0 858.0 0 499.0 805.0 0 388.0 732.0 1 388.0 730.0 0 380.0 640.0 0 380.0 563.0 1 380.0 424.0 0 412.0 200.0 0 622.0 200.0 1 744.0 200.0 0 972.0 270.0 0 END 622.0 0.0 1 391.0 0.0 0 181.0 165.0 0 180.0 560.0 1 179.0 560.0 0 177.0 560.0 0 175.0 560.0 1 120.0 560.0 0 75.0 605.0 0 75.0 660.0 1 75.0 718.0 0 138.0 791.0 0 201.0 843.0 1 225.0 984.0 0 269.0 1103.0 0 357.0 1341.0 1 383.0 1411.0 0 412.0 1490.0 0 446.0 1583.0 1 460.0 1621.0 0 497.0 1649.0 0 540.0 1649.0 1 595.0 1649.0 0 640.0 1604.0 0 640.0 1549.0 1 640.0 1507.0 0 510.0 1192.0 0 444.0 988.0 1 517.0 1019.0 0 632.0 1058.0 0 748.0 1058.0 1 1020.0 1058.0 0 1172.0 843.0 0 1172.0 546.0 1 1172.0 165.0 0 865.0 0.0 0 END ENDGLYPH
U+55 1104 795.0 266.0 1 795.0 194.0 0 881.0 179.0 0 881.0 100.0 1 881.0 45.0 0 836.0 0.0 0 781.0 -0.0 1 753.0 0.0 0 728.0 11.0 0 710.0 29.0 1 668.0 71.0 0 595.0 147.0 0 595.0 266.0 1 595.0 594.0 0 687.0 942.0 0 815.0 1389.0 1 818.0 1398.0 0 820.0 1413.0 0 822.0 1428.0 1 745.0 1418.0 0 662.0 1414.0 0 580.0 1414.0 1 415.0 1414.0 0 256.0 1429.0 0 154.0 1451.0 1 109.0 1461.0 0 75.0 1501.0 0 75.0 1549.0 1 75.0 1604.0 0 120.0 1649.0 0 175.0 1649.0 1 179.0 1649.0 0 349.0 1614.0 0 580.0 1614.0 1 792.0 1614.0 0 925.0 1649.0 0 929.0 1649.0 1 933.0 1649.0 0 1029.0 1648.0 0 1029.0 1540.0 1 1029.0 1491.0 0 1026.0 1402.0 0 1007.0 1335.0 1 897.0 950.0 0 795.0 582.0 0 END ENDGLYPH
U+56 1058 778.0 1447.0 1 749.0 1448.0 0 716.0 1449.0 0 544.0 1449.0 1 457.0 1449.0 0 395.0 1434.0 0 360.0 1416.0 1 329.0 1400.0 0 307.0 1379.0 0 307.0 1327.0 1 307.0 1293.0 0 319.0 1241.0 0 348.0 1175.0 1 364.0 1139.0 0 392.0 1125.0 0 475.0 1098.0 1 496.0 1091.0 0 520.0 1084.0 0 546.0 1074.0 1 623.0 1126.0 0 654.0 1174.0 0 692.0 1242.0 1 740.0 1326.0 0 768.0 1378.0 0 END 107.0 1327.0 1 107.0 1428.0 0 151.0 1649.0 0 544.0 1649.0 1 559.0 1649.0 0 575.0 1649.0 0 589.0 1649.0 1 830.0 1649.0 0 898.0 1649.0 0 948.0 1597.0 1 980.0 1564.0 0 983.0 1522.0 0 983.0 1503.0 1 983.0 1350.0 0 924.0 1246.0 0 857.0 1129.0 1 815.0 1054.0 0 770.0 998.0 0 719.0 954.0 1 804.0 852.0 0 835.0 708.0 0 835.0 532.0 1 835.0 403.0 0 835.0 132.0 0 570.0 32.0 1 514.0 11.0 0 449.0 0.0 0 378.0 0.0 1 287.0 0.0 0 75.0 24.0 0 75.0 248.0 1 75.0 360.0 0 196.0 751.0 0 357.0 927.0 1 289.0 952.0 0 209.0 995.0 0 165.0 1093.0 1 128.0 1175.0 0 107.0 1253.0 0 END 378.0 200.0 1 629.0 200.0 0 635.0 377.0 0 635.0 532.0 1 635.0 741.0 0 582.0 810.0 0 554.0 838.0 1 494.0 792.0 0 410.0 705.0 0 309.0 391.0 1 289.0 328.0 0 275.0 285.0 0 275.0 248.0 1 275.0 224.0 0 280.0 220.0 0 284.0 217.0 1 291.0 212.0 0 318.0 200.0 0 END ENDGLYPH
U+57 1005 596.0 1449.0 1 496.0 1449.0 0 275.0 1240.0 0 275.0 1142.0 1 275.0 1103.0 0 294.0 1066.0 0 307.0 1059.0 1 320.0 1064.0 0 336.0 1078.0 0 358.0 1097.0 1 368.0 1105.0 0 379.0 1115.0 0 391.0 1124.0 1 485.0 1197.0 0 541.0 1254.0 0 609.0 1321.0 1 629.0 1341.0 0 651.0 1362.0 0 674.0 1385.0 1 643.0 1448.0 0 611.0 1449.0 0 END 782.0 297.0 1 782.0 227.0 0 858.0 181.0 0 858.0 116.0 1 858.0 61.0 0 813.0 16.0 0 758.0 16.0 1 705.0 16.0 0 681.0 51.0 0 666.0 74.0 1 633.0 123.0 0 582.0 199.0 0 582.0 297.0 1 582.0 414.0 0 696.0 920.0 0 709.0 1138.0 1 654.0 1084.0 0 595.0 1030.0 0 513.0 966.0 1 506.0 961.0 0 498.0 953.0 0 488.0 945.0 1 444.0 907.0 0 387.0 859.0 0 308.0 859.0 1 172.0 859.0 0 75.0 994.0 0 75.0 1142.0 1 75.0 1183.0 0 83.0 1224.0 0 102.0 1264.0 1 196.0 1458.0 0 422.0 1649.0 0 596.0 1649.0 1 656.0 1649.0 0 768.0 1629.0 0 844.0 1492.0 1 892.0 1485.0 0 930.0 1443.0 0 930.0 1393.0 1 930.0 1365.0 0 919.0 1340.0 0 901.0 1322.0 1 908.0 1281.0 0 911.0 1238.0 0 911.0 1193.0 1 911.0 941.0 0 782.0 406.0 0 END ENDGLYPH
U+58 594 408.0 400.0 1 453.0 400.0 0 519.0 361.0 0 519.0 288.0 1 519.0 239.0 0 482.0 197.0 0 455.0 171.0 1 445.0 161.0 0 393.0 117.0 0 349.0 77.0 1 322.0 52.0 0 297.0 16.0 0 297.0 0.0 1 297.0 73.0 0 75.0 172.0 0 75.0 288.0 1 75.0 361.0 0 141.0 400.0 0 186.0 400.0 1 259.0 400.0 0 297.0 341.0 0 297.0 300.0 1 297.0 341.0 0 335.0 400.0 0 END 408.0 1059.0 1 453.0 1059.0 0 519.0 1020.0 0 519.0 947.0 1 519.0 898.0 0 482.0 856.0 0 455.0 830.0 1 445.0 820.0 0 393.0 776.0 0 349.0 736.0 1 322.0 711.0 0 297.0 675.0 0 297.0 659.0 1 297.0 732.0 0 75.0 831.0 0 75.0 947.0 1 75.0 1020.0 0 141.0 1059.0 0 186.0 1059.0 1 259.0 1059.0 0 297.0 1000.0 0 297.0 959.0 1 297.0 1000.0 0 335.0 1059.0 0 END ENDGLYPH
U+59 594 363.0 425.0 1 418.0 425.0 0 463.0 380.0 0 463.0 325.0 1 463.0 293.0 0 463.0 291.0 0 384.0 182.0 1 352.0 137.0 0 325.0 100.0 0 292.0 47.0 1 274.0 19.0 0 243.0 0.0 0 207.0 0.0 1 152.0 0.0 0 107.0 45.0 0 107.0 100.0 1 107.0 119.0 0 112.0 138.0 0 122.0 153.0 1 177.0 242.0 0 228.0 305.0 0 281.0 382.0 1 299.0 408.0 0 329.0 425.0 0 END 408.0 1059.0 1 453.0 1059.0 0 519.0 1020.0 0 519.0 947.0 1 519.0 898.0 0 482.0 856.0 0 455.0 830.0 1 445.0 820.0 0 393.0 776.0 0 349.0 736.0 1 322.0 711.0 0 297.0 675.0 0 297.0 659.0 1 297.0 732.0 0 75.0 831.0 0 75.0 947.0 1 75.0 1020.0 0 141.0 1059.0 0 186.0 1059.0 1 259.0 1059.0 0 297.0 1000.0 0 297.0 959.0 1 297.0 1000.0 0 335.0 1059.0 0 END ENDGLYPH
U+60 941 866.0 100.0 1 866.0 45.0 0 821.0 0.0 0 766.0 0.0 1 738.0 0.0 0 712.0 12.0 0 694.0 31.0 1 573.0 156.0 0 301.0 279.0 0 173.0 376.0 1 139.0 402.0 0 75.0 453.0 0 75.0 529.0 1 75.0 626.0 0 167.0 671.0 0 255.0 713.0 1 420.0 792.0 0 471.0 844.0 0 657.0 1030.0 1 675.0 1048.0 0 700.0 1059.0 0 728.0 1059.0 1 783.0 1059.0 0 828.0 1014.0 0 828.0 959.0 1 828.0 918.0 0 816.0 905.0 0 764.0 853.0 1 603.0 691.0 0 544.0 633.0 0 315.0 520.0 1 443.0 432.0 0 700.0 312.0 0 838.0 169.0 1 855.0 151.0 0 866.0 127.0 0 END ENDGLYPH
U+61 1100 925.0 560.0 1 870.0 560.0 0 850.0 590.0 0 818.0 639.0 1 631.0 627.0 0 503.0 588.0 0 227.0 588.0 1 217.0 588.0 0 207.0 588.0 0 197.0 588.0 1 142.0 589.0 0 98.0 633.0 0 98.0 688.0 1 98.0 743.0 0 143.0 788.0 0 198.0 788.0 1 199.0 788.0 0 211.0 788.0 0 227.0 788.0 1 513.0 788.0 0 703.0 841.0 0 844.0 841.0 1 928.0 841.0 0 971.0 773.0 0 992.0 739.0 1 1025.0 687.0 0 1025.0 687.0 0 1025.0 660.0 1 1025.0 605.0 0 980.0 560.0 0 END 879.0 200.0 1 811.0 200.0 0 796.0 258.0 0 777.0 258.0 1 543.0 258.0 0 453.0 213.0 0 178.0 204.0 1 177.0 204.0 0 176.0 204.0 0 175.0 204.0 1 120.0 204.0 0 75.0 249.0 0 75.0 304.0 1 75.0 358.0 0 118.0 402.0 0 172.0 404.0 1 433.0 413.0 0 527.0 458.0 0 777.0 458.0 1 874.0 458.0 0 919.0 410.0 0 957.0 363.0 1 971.0 346.0 0 979.0 324.0 0 979.0 300.0 1 979.0 245.0 0 934.0 200.0 0 END ENDGLYPH
U+62 912 113.0 959.0 1 113.0 1014.0 0 158.0 1059.0 0 213.0 1059.0 1 236.0 1059.0 0 258.0 1051.0 0 275.0 1038.0 1 437.0 911.0 0 626.0 805.0 0 736.0 707.0 1 783.0 665.0 0 837.0 607.0 0 837.0 531.0 1 837.0 444.0 0 756.0 390.0 0 554.0 252.0 1 451.0 182.0 0 333.0 101.0 0 239.0 23.0 1 222.0 9.0 0 199.0 0.0 0 175.0 -0.0 1 120.0 0.0 0 75.0 45.0 0 75.0 100.0 1 75.0 131.0 0 89.0 159.0 0 111.0 177.0 1 289.0 326.0 0 522.0 464.0 0 619.0 543.0 1 537.0 625.0 0 323.0 745.0 0 151.0 880.0 1 128.0 898.0 0 113.0 927.0 0 END ENDGLYPH
U+63 922 647.0 1406.0 1 647.0 1413.0 0 646.0 1435.0 0 640.0 1449.0 1 526.0 1449.0 0 285.0 1300.0 0 229.0 1300.0 1 174.0 1300.0 0 129.0 1345.0 0 129.0 1400.0 1 129.0 1440.0 0 152.0 1474.0 0 186.0 1490.0 1 370.0 1578.0 0 524.0 1649.0 0 640.0 1649.0 1 748.0 1649.0 0 847.0 1571.0 0 847.0 1406.0 1 847.0 1363.0 0 841.0 1321.0 0 829.0 1283.0 1 744.0 1001.0 0 643.0 802.0 0 344.0 615.0 1 329.0 605.0 0 310.0 600.0 0 291.0 600.0 1 236.0 600.0 0 191.0 645.0 0 191.0 700.0 1 191.0 736.0 0 210.0 767.0 0 238.0 785.0 1 478.0 935.0 0 558.0 1080.0 0 637.0 1341.0 1 643.0 1361.0 0 647.0 1385.0 0 END 408.0 400.0 1 453.0 400.0 0 519.0 361.0 0 519.0 288.0 1 519.0 239.0 0 482.0 197.0 0 455.0 171.0 1 445.0 161.0 0 393.0 117.0 0 349.0 77.0 1 322.0 52.0 0 297.0 16.0 0 297.0 0.0 1 297.0 73.0 0 75.0 172.0 0 75.0 288.0 1 75.0 361.0 0 141.0 400.0 0 186.0 400.0 1 259.0 400.0 0 297.0 341.0 0 297.0 300.0 1 297.0 341.0 0 335.0 400.0 0 END ENDGLYPH
U+64 2143 883.0 0.0 1 802.0 0.0 0 697.0 39.0 0 697.0 237.0 1 697.0 372.0 0 722.0 459.0 0 788.0 692.0 1 827.0 830.0 0 892.0 1059.0 0 1140.0 1059.0 1 1174.0 1059.0 0 1209.0 1054.0 0 1246.0 1045.0 1 1261.0 1054.0 0 1279.0 1059.0 0 1297.0 1059.0 1 1349.0 1059.0 0 1391.0 1019.0 0 1396.0 969.0 1 1396.0 966.0 0 1398.0 952.0 0 1398.0 928.0 1 1398.0 928.0 0 1398.0 902.0 0 1397.0 886.0 1 1403.0 784.0 0 1419.0 660.0 0 1434.0 584.0 1 1470.0 401.0 0 1451.0 254.0 0 1468.0 137.0 1 1556.0 175.0 0 1690.0 310.0 0 1737.0 407.0 1 1816.0 571.0 0 1868.0 724.0 0 1868.0 864.0 1 1868.0 953.0 0 1849.0 1039.0 0 1800.0 1128.0 1 1690.0 1329.0 0 1510.0 1449.0 0 1192.0 1449.0 1 952.0 1449.0 0 805.0 1367.0 0 587.0 1197.0 1 463.0 1100.0 0 379.0 981.0 0 334.0 806.0 1 293.0 648.0 0 275.0 529.0 0 275.0 392.0 1 275.0 341.0 0 277.0 287.0 0 283.0 228.0 1 303.0 13.0 0 329.0 -105.0 0 446.0 -245.0 1 587.0 -415.0 0 816.0 -506.0 0 1048.0 -506.0 1 1272.0 -506.0 0 1307.0 -488.0 0 1615.0 -336.0 1 1882.0 -204.0 0 1847.0 -71.0 0 1960.0 -71.0 1 2015.0 -71.0 0 2060.0 -116.0 0 2060.0 -171.0 1 2060.0 -194.0 0 2051.0 -216.0 0 2038.0 -233.0 1 1889.0 -423.0 0 1833.0 -451.0 0 1632.0 -552.0 1 1435.0 -651.0 0 1324.0 -706.0 0 1048.0 -706.0 1 766.0 -706.0 0 480.0 -597.0 0 293.0 -373.0 1 132.0 -180.0 0 104.0 -4.0 0 84.0 210.0 1 78.0 274.0 0 75.0 334.0 0 75.0 392.0 1 75.0 549.0 0 98.0 690.0 0 141.0 856.0 1 189.0 1043.0 0 282.0 1213.0 0 464.0 1355.0 1 683.0 1526.0 0 877.0 1649.0 0 1192.0 1649.0 1 1449.0 1649.0 0 1778.0 1583.0 0 1975.0 1224.0 1 2040.0 1106.0 0 2068.0 984.0 0 2068.0 864.0 1 2068.0 625.0 0 1945.0 330.0 0 1835.0 192.0 1 1784.0 129.0 0 1606.0 -70.0 0 1445.0 -70.0 1 1419.0 -70.0 0 1301.0 -62.0 0 1274.0 81.0 1 1261.0 153.0 0 1260.0 222.0 0 1259.0 290.0 1 1258.0 321.0 0 1258.0 352.0 0 1256.0 384.0 1 1157.0 182.0 0 1057.0 0.0 0 END 1140.0 859.0 1 1055.0 859.0 0 1025.0 796.0 0 980.0 637.0 1 916.0 412.0 0 897.0 344.0 0 897.0 237.0 1 897.0 225.0 0 898.0 214.0 0 899.0 205.0 1 953.0 230.0 0 1008.0 339.0 0 1064.0 448.0 1 1152.0 621.0 0 1183.0 764.0 0 1193.0 852.0 1 1172.0 857.0 0 1154.0 859.0 0 END ENDGLYPH
U+65 1089 721.0 1142.0 1 662.0 989.0 0 600.0 848.0 0 537.0 705.0 1 614.0 713.0 0 699.0 741.0 0 782.0 756.0 1 764.0 904.0 0 742.0 1031.0 0 END 813.0 100.0 1 813.0 103.0 0 814.0 142.0 0 814.0 197.0 1 814.0 328.0 0 809.0 447.0 0 801.0 556.0 1 715.0 538.0 0 611.0 503.0 0 498.0 503.0 1 482.0 503.0 0 466.0 504.0 0 450.0 506.0 1 390.0 369.0 0 330.0 225.0 0 269.0 64.0 1 255.0 26.0 0 218.0 0.0 0 175.0 0.0 1 120.0 0.0 0 75.0 45.0 0 75.0 100.0 1 75.0 113.0 0 77.0 125.0 0 81.0 136.0 1 292.0 690.0 0 492.0 1034.0 0 663.0 1579.0 1 676.0 1620.0 0 713.0 1649.0 0 758.0 1649.0 1 759.0 1649.0 0 760.0 1649.0 0 760.0 1649.0 1 760.0 1649.0 0 760.0 1649.0 0 761.0 1649.0 1 815.0 1649.0 0 859.0 1606.0 0 861.0 1552.0 1 868.0 1310.0 0 1014.0 918.0 0 1014.0 197.0 1 1014.0 165.0 0 1014.0 132.0 0 1013.0 98.0 1 1012.0 44.0 0 968.0 0.0 0 913.0 0.0 1 858.0 0.0 0 813.0 45.0 0 END ENDGLYPH
U+66 1214 473.0 570.0 1 463.0 520.0 0 437.0 396.0 0 426.0 276.0 1 563.0 321.0 0 586.0 344.0 0 624.0 380.0 1 646.0 401.0 0 658.0 412.0 0 665.0 422.0 1 642.0 454.0 0 593.0 488.0 0 534.0 528.0 1 514.0 542.0 0 493.0 555.0 0 END 802.0 1449.0 1 739.0 1449.0 0 707.0 1433.0 0 577.0 1367.0 1 579.0 1343.0 0 580.0 1319.0 0 580.0 1293.0 1 580.0 1223.0 0 571.0 1100.0 0 555.0 989.0 1 610.0 1027.0 0 665.0 1069.0 0 703.0 1119.0 1 763.0 1198.0 0 897.0 1334.0 0 933.0 1417.0 1 878.0 1442.0 0 836.0 1449.0 0 END 380.0 1293.0 1 380.0 1450.0 0 333.0 1502.0 0 333.0 1549.0 1 333.0 1604.0 0 378.0 1649.0 0 433.0 1649.0 1 504.0 1649.0 0 525.0 1589.0 0 532.0 1569.0 1 607.0 1608.0 0 694.0 1649.0 0 802.0 1649.0 1 878.0 1649.0 0 958.0 1629.0 0 1046.0 1584.0 1 1073.0 1570.0 0 1139.0 1527.0 0 1139.0 1435.0 1 1139.0 1324.0 0 1040.0 1207.0 0 932.0 1082.0 1 904.0 1049.0 0 878.0 1020.0 0 863.0 999.0 1 794.0 908.0 0 699.0 844.0 0 620.0 792.0 1 598.0 777.0 0 578.0 764.0 0 563.0 753.0 1 610.0 713.0 0 696.0 665.0 0 763.0 608.0 1 797.0 578.0 0 869.0 513.0 0 869.0 422.0 1 869.0 341.0 0 831.0 304.0 0 743.0 217.0 1 682.0 157.0 0 579.0 113.0 0 445.0 72.0 1 433.0 31.0 0 394.0 0.0 0 349.0 0.0 1 323.0 0.0 0 301.0 9.0 0 283.0 25.0 1 190.0 0.0 0 189.0 0.0 0 175.0 0.0 1 120.0 0.0 0 75.0 45.0 0 75.0 100.0 1 75.0 146.0 0 106.0 186.0 0 149.0 197.0 1 174.0 204.0 0 199.0 210.0 0 224.0 217.0 1 224.0 221.0 0 224.0 226.0 0 224.0 230.0 1 224.0 489.0 0 380.0 941.0 0 END ENDGLYPH
U+67 1273 932.0 1649.0 1 987.0 1649.0 0 1032.0 1604.0 0 1032.0 1549.0 1 1032.0 1496.0 0 990.0 1452.0 0 938.0 1449.0 1 726.0 1436.0 0 572.0 1347.0 0 429.0 1135.0 1 404.0 1098.0 0 275.0 889.0 0 275.0 526.0 1 275.0 458.0 0 277.0 388.0 0 335.0 317.0 1 399.0 239.0 0 494.0 203.0 0 615.0 203.0 1 815.0 203.0 0 893.0 237.0 0 1045.0 334.0 1 1061.0 344.0 0 1078.0 350.0 0 1098.0 350.0 1 1153.0 350.0 0 1198.0 305.0 0 1198.0 250.0 1 1198.0 215.0 0 1180.0 184.0 0 1152.0 166.0 1 977.0 54.0 0 863.0 3.0 0 615.0 3.0 1 276.0 3.0 0 95.0 224.0 0 78.0 446.0 1 76.0 469.0 0 75.0 496.0 0 75.0 526.0 1 75.0 694.0 0 107.0 1015.0 0 263.0 1247.0 1 412.0 1467.0 0 608.0 1630.0 0 926.0 1649.0 1 928.0 1649.0 0 930.0 1649.0 0 END ENDGLYPH
U+68 1141 386.0 1447.0 1 398.0 1342.0 0 407.0 1238.0 0 407.0 1134.0 1 407.0 1048.0 0 401.0 962.0 0 385.0 877.0 1 364.0 765.0 0 341.0 554.0 0 310.0 327.0 1 476.0 460.0 0 604.0 569.0 0 710.0 777.0 1 769.0 894.0 0 866.0 1107.0 0 866.0 1253.0 1 866.0 1306.0 0 853.0 1333.0 0 840.0 1346.0 1 749.0 1434.0 0 579.0 1442.0 0 END 207.0 1134.0 1 207.0 1300.0 0 173.0 1545.0 0 173.0 1549.0 1 173.0 1604.0 0 218.0 1649.0 0 273.0 1649.0 1 281.0 1649.0 0 288.0 1649.0 0 295.0 1647.0 1 302.0 1649.0 0 309.0 1649.0 0 317.0 1649.0 1 745.0 1649.0 0 1066.0 1584.0 0 1066.0 1253.0 1 1066.0 1129.0 0 1021.0 949.0 0 888.0 687.0 1 757.0 430.0 0 593.0 298.0 0 415.0 155.0 1 363.0 113.0 0 311.0 71.0 0 257.0 24.0 1 239.0 9.0 0 216.0 0.0 0 191.0 0.0 1 188.0 0.0 0 186.0 0.0 0 183.0 0.0 1 180.0 0.0 0 178.0 0.0 0 175.0 0.0 1 120.0 0.0 0 75.0 45.0 0 75.0 100.0 1 75.0 101.0 0 188.0 905.0 0 189.0 913.0 1 202.0 984.0 0 207.0 1057.0 0 END ENDGLYPH
U+69 1138 200.0 1186.0 1 200.0 1428.0 0 159.0 1515.0 0 159.0 1549.0 1 159.0 1604.0 0 204.0 1649.0 0 259.0 1649.0 1 301.0 1649.0 0 338.0 1622.0 0 352.0 1585.0 1 484.0 1627.0 0 594.0 1648.0 0 699.0 1648.0 1 804.0 1648.0 0 900.0 1625.0 0 999.0 1587.0 1 1036.0 1573.0 0 1063.0 1536.0 0 1063.0 1494.0 1 1063.0 1439.0 0 1018.0 1394.0 0 963.0 1394.0 1 917.0 1394.0 0 845.0 1448.0 0 699.0 1448.0 1 618.0 1448.0 0 522.0 1430.0 0 390.0 1387.0 1 397.0 1323.0 0 400.0 1255.0 0 400.0 1186.0 1 400.0 1139.0 0 399.0 1092.0 0 396.0 1043.0 1 463.0 1030.0 0 524.0 1024.0 0 585.0 1024.0 1 712.0 1024.0 0 916.0 1059.0 0 919.0 1059.0 1 974.0 1059.0 0 1019.0 1014.0 0 1019.0 959.0 1 1019.0 909.0 0 983.0 868.0 0 935.0 860.0 1 817.0 841.0 0 705.0 824.0 0 585.0 824.0 1 519.0 824.0 0 452.0 829.0 0 380.0 842.0 1 353.0 593.0 0 302.0 465.0 0 281.0 203.0 1 471.0 218.0 0 665.0 278.0 0 806.0 278.0 1 887.0 278.0 0 988.0 259.0 0 988.0 166.0 1 988.0 111.0 0 943.0 66.0 0 888.0 66.0 1 856.0 66.0 0 856.0 78.0 0 806.0 78.0 1 673.0 78.0 0 440.0 0.0 0 201.0 0.0 1 197.0 0.0 0 192.0 0.0 0 188.0 1.0 1 184.0 0.0 0 179.0 0.0 0 175.0 0.0 1 120.0 0.0 0 75.0 45.0 0 75.0 100.0 1 75.0 404.0 0 200.0 738.0 0 END ENDGLYPH
U+70 1026 189.0 1347.0 1 189.0 1450.0 0 180.0 1547.0 0 180.0 1549.0 1 180.0 1604.0 0 225.0 1649.0 0 280.0 1649.0 1 314.0 1649.0 0 345.0 1631.0 0 363.0 1605.0 1 461.0 1633.0 0 553.0 1648.0 0 652.0 1648.0 1 721.0 1648.0 0 790.0 1641.0 0 868.0 1627.0 1 915.0 1619.0 0 951.0 1578.0 0 951.0 1529.0 1 951.0 1474.0 0 906.0 1429.0 0 851.0 1429.0 1 829.0 1429.0 0 755.0 1448.0 0 652.0 1448.0 1 565.0 1448.0 0 486.0 1435.0 0 389.0 1405.0 1 390.0 1385.0 0 389.0 1366.0 0 389.0 1347.0 1 389.0 1234.0 0 381.0 1134.0 0 371.0 1039.0 1 457.0 1052.0 0 540.0 1059.0 0 616.0 1059.0 1 718.0 1059.0 0 792.0 1046.0 0 847.0 1026.0 1 885.0 1012.0 0 913.0 975.0 0 913.0 932.0 1 913.0 877.0 0 868.0 832.0 0 813.0 832.0 1 775.0 832.0 0 757.0 859.0 0 616.0 859.0 1 537.0 859.0 0 443.0 849.0 0 346.0 832.0 1 340.0 785.0 0 333.0 743.0 0 317.0 654.0 1 295.0 526.0 0 275.0 411.0 0 275.0 275.0 1 275.0 190.0 0 285.0 102.0 0 285.0 100.0 1 285.0 45.0 0 240.0 0.0 0 185.0 0.0 1 134.0 0.0 0 92.0 39.0 0 86.0 89.0 1 79.0 155.0 0 75.0 217.0 0 75.0 275.0 1 75.0 522.0 0 121.0 616.0 0 162.0 971.0 1 176.0 1093.0 0 189.0 1211.0 0 END ENDGLYPH
U+71 1336 1161.0 -0.0 1 1108.0 -0.0 0 1037.0 35.0 0 1025.0 214.0 1 942.0 152.0 0 870.0 90.0 0 773.0 47.0 1 708.0 18.0 0 632.0 0.0 0 545.0 0.0 1 332.0 0.0 0 132.0 185.0 0 93.0 431.0 1 81.0 508.0 0 75.0 577.0 0 75.0 640.0 1 75.0 848.0 0 142.0 983.0 0 231.0 1155.0 1 374.0 1432.0 0 731.0 1649.0 0 968.0 1649.0 1 1023.0 1649.0 0 1068.0 1604.0 0 1068.0 1549.0 1 1068.0 1494.0 0 1023.0 1449.0 0 968.0 1449.0 1 815.0 1449.0 0 522.0 1281.0 0 409.0 1063.0 1 318.0 887.0 0 275.0 792.0 0 275.0 640.0 1 275.0 590.0 0 280.0 532.0 0 291.0 463.0 1 314.0 316.0 0 432.0 200.0 0 545.0 200.0 1 672.0 200.0 0 743.0 250.0 0 859.0 339.0 1 907.0 376.0 0 961.0 416.0 0 1027.0 456.0 1 1029.0 489.0 0 1039.0 679.0 0 1039.0 681.0 1 1036.0 680.0 0 799.0 577.0 0 728.0 552.0 1 718.0 548.0 0 707.0 546.0 0 695.0 546.0 1 640.0 546.0 0 595.0 591.0 0 595.0 646.0 1 595.0 690.0 0 623.0 726.0 0 662.0 740.0 1 821.0 796.0 0 1029.0 911.0 0 1124.0 911.0 1 1242.0 911.0 0 1242.0 795.0 0 1242.0 759.0 1 1242.0 658.0 0 1222.0 455.0 0 1222.0 302.0 1 1222.0 240.0 0 1226.0 196.0 0 1232.0 170.0 1 1250.0 152.0 0 1261.0 127.0 0 1261.0 100.0 1 1261.0 45.0 0 1216.0 -0.0 0 END ENDGLYPH
U+72 969 275.0 390.0 1 275.0 176.0 0 348.0 172.0 0 348.0 100.0 1 348.0 45.0 0 303.0 0.0 0 248.0 0.0 1 213.0 0.0 0 183.0 18.0 0 165.0 45.0 1 93.0 155.0 0 75.0 275.0 0 75.0 390.0 1 75.0 768.0 0 203.0 1179.0 0 209.0 1551.0 1 210.0 1605.0 0 254.0 1649.0 0 309.0 1649.0 1 364.0 1649.0 0 409.0 1604.0 0 409.0 1549.0 1 409.0 1421.0 0 390.0 1252.0 0 353.0 1033.0 1 408.0 1050.0 0 465.0 1059.0 0 522.0 1059.0 1 554.0 1059.0 0 585.0 1056.0 0 617.0 1050.0 1 688.0 1506.0 0 688.0 1507.0 0 695.0 1562.0 1 701.0 1611.0 0 743.0 1649.0 0 794.0 1649.0 1 849.0 1649.0 0 894.0 1604.0 0 894.0 1549.0 1 894.0 1443.0 0 763.0 856.0 0 763.0 445.0 1 763.0 430.0 0 763.0 224.0 0 807.0 176.0 1 823.0 158.0 0 833.0 135.0 0 833.0 109.0 1 833.0 54.0 0 788.0 9.0 0 733.0 9.0 1 694.0 9.0 0 563.0 39.0 0 563.0 445.0 1 563.0 527.0 0 570.0 683.0 0 590.0 852.0 1 567.0 857.0 0 545.0 859.0 0 522.0 859.0 1 455.0 859.0 0 385.0 839.0 0 314.0 799.0 1 306.0 750.0 0 275.0 542.0 0 END ENDGLYPH
U+73 1599 275.0 266.0 1 284.0 238.0 0 336.0 200.0 0 362.0 200.0 1 384.0 200.0 0 424.0 200.0 0 479.0 324.0 1 477.0 324.0 0 289.0 314.0 0 END 75.0 267.0 1 75.0 337.0 0 113.0 525.0 0 520.0 525.0 1 529.0 525.0 0 539.0 525.0 0 548.0 525.0 1 668.0 957.0 0 722.0 1309.0 0 734.0 1408.0 1 678.0 1404.0 0 627.0 1402.0 0 576.0 1402.0 1 496.0 1402.0 0 418.0 1407.0 0 324.0 1416.0 1 273.0 1421.0 0 234.0 1464.0 0 234.0 1516.0 1 234.0 1571.0 0 279.0 1616.0 0 334.0 1616.0 1 351.0 1616.0 0 450.0 1602.0 0 576.0 1602.0 1 805.0 1602.0 0 1204.0 1649.0 0 1210.0 1649.0 1 1265.0 1649.0 0 1310.0 1604.0 0 1310.0 1549.0 1 1310.0 1499.0 0 1273.0 1457.0 0 1225.0 1450.0 1 1129.0 1436.0 0 1032.0 1428.0 0 937.0 1422.0 1 922.0 1298.0 0 878.0 982.0 0 748.0 500.0 1 780.0 493.0 0 927.0 459.0 0 1064.0 401.0 1 1205.0 341.0 0 1293.0 276.0 0 1468.0 190.0 1 1501.0 174.0 0 1524.0 139.0 0 1524.0 100.0 1 1524.0 45.0 0 1479.0 0.0 0 1424.0 0.0 1 1358.0 0.0 0 1156.0 144.0 0 985.0 217.0 1 975.0 221.0 0 846.0 275.0 0 689.0 308.0 1 636.0 166.0 0 550.0 0.0 0 362.0 0.0 1 227.0 0.0 0 75.0 130.0 0 END ENDGLYPH
U+74 1035 860.0 1649.0 1 915.0 1649.0 0 960.0 1604.0 0 960.0 1549.0 1 960.0 1546.0 0 956.0 1476.0 0 944.0 1261.0 1 929.0 977.0 0 916.0 719.0 0 875.0 531.0 1 859.0 459.0 0 738.0 189.0 0 641.0 75.0 1 620.0 50.0 0 575.0 0.0 0 510.0 0.0 1 361.0 0.0 0 280.0 220.0 0 109.0 369.0 1 88.0 387.0 0 75.0 415.0 0 75.0 445.0 1 75.0 500.0 0 120.0 545.0 0 175.0 545.0 1 200.0 545.0 0 223.0 536.0 0 241.0 521.0 1 361.0 417.0 0 442.0 287.0 0 502.0 222.0 1 565.0 307.0 0 645.0 478.0 0 672.0 552.0 1 679.0 573.0 1 714.0 734.0 0 729.0 989.0 0 744.0 1272.0 1 749.0 1364.0 0 754.0 1459.0 0 760.0 1555.0 1 763.0 1607.0 0 807.0 1649.0 0 END ENDGLYPH
U+75 1132 75.0 256.0 1 75.0 618.0 0 156.0 968.0 0 156.0 1355.0 1 156.0 1456.0 0 151.0 1547.0 0 151.0 1549.0 1 151.0 1604.0 0 196.0 1649.0 0 251.0 1649.0 1 304.0 1649.0 0 348.0 1607.0 0 351.0 1554.0 1 355.0 1483.0 0 356.0 1418.0 0 356.0 1355.0 1 356.0 1202.0 0 346.0 1073.0 0 333.0 949.0 1 483.0 1098.0 0 701.0 1333.0 0 872.0 1602.0 1 890.0 1630.0 0 920.0 1649.0 0 956.0 1649.0 1 1011.0 1649.0 0 1056.0 1604.0 0 1056.0 1549.0 1 1056.0 1529.0 0 1051.0 1511.0 0 1041.0 1496.0 1 940.0 1337.0 0 728.0 1043.0 0 382.0 718.0 1 413.0 700.0 0 497.0 653.0 0 547.0 649.0 1 797.0 629.0 0 893.0 524.0 0 993.0 269.0 1 1009.0 228.0 0 1025.0 189.0 0 1047.0 145.0 1 1054.0 132.0 0 1057.0 116.0 0 1057.0 100.0 1 1057.0 45.0 0 1012.0 0.0 0 957.0 -0.0 1 918.0 0.0 0 884.0 22.0 0 868.0 55.0 1 815.0 162.0 0 795.0 242.0 0 755.0 313.0 1 699.0 413.0 0 655.0 439.0 0 531.0 449.0 1 464.0 454.0 0 384.0 486.0 0 289.0 541.0 1 289.0 538.0 0 275.0 364.0 0 275.0 256.0 1 275.0 249.0 0 280.0 228.0 0 338.0 173.0 1 357.0 155.0 0 369.0 129.0 0 369.0 100.0 1 369.0 45.0 0 324.0 0.0 0 269.0 0.0 1 242.0 0.0 0 218.0 10.0 0 200.0 27.0 1 154.0 71.0 0 75.0 150.0 0 END ENDGLYPH
U+76 1040 403.0 0.0 1 214.0 0.0 0 75.0 103.0 0 75.0 329.0 1 75.0 414.0 0 100.0 551.0 0 147.0 766.0 1 186.0 945.0 0 218.0 1088.0 0 218.0 1354.0 1 218.0 1451.0 0 213.0 1547.0 0 213.0 1549.0 1 213.0 1604.0 0 258.0 1649.0 0 313.0 1649.0 1 367.0 1649.0 0 410.0 1607.0 0 413.0 1554.0 1 417.0 1481.0 0 418.0 1415.0 0 418.0 1354.0 1 418.0 846.0 0 275.0 550.0 0 275.0 329.0 1 275.0 229.0 0 312.0 200.0 0 403.0 200.0 1 507.0 200.0 0 768.0 335.0 0 865.0 335.0 1 920.0 335.0 0 965.0 290.0 0 965.0 235.0 1 965.0 187.0 0 931.0 147.0 0 886.0 137.0 1 693.0 95.0 0 562.0 0.0 0 END ENDGLYPH
U+77 1492 1137.0 791.0 1 944.0 285.0 0 903.0 248.0 0 823.0 248.0 1 757.0 248.0 0 613.0 288.0 0 592.0 625.0 1 592.0 631.0 0 574.0 891.0 0 518.0 1202.0 1 515.0 1191.0 0 326.0 304.0 0 272.0 77.0 1 262.0 33.0 0 222.0 0.0 0 175.0 0.0 1 120.0 0.0 0 75.0 45.0 0 75.0 100.0 1 75.0 107.0 0 146.0 419.0 0 232.0 825.0 1 381.0 1528.0 0 399.0 1591.0 0 454.0 1630.0 1 466.0 1638.0 0 486.0 1649.0 0 514.0 1649.0 1 602.0 1649.0 0 636.0 1557.0 0 651.0 1513.0 1 714.0 1327.0 0 778.0 860.0 0 792.0 637.0 1 794.0 598.0 0 800.0 553.0 0 809.0 516.0 1 947.0 818.0 0 1206.0 1571.0 0 1210.0 1582.0 1 1224.0 1621.0 0 1261.0 1649.0 0 1305.0 1649.0 1 1343.0 1649.0 0 1417.0 1631.0 0 1417.0 1496.0 1 1417.0 1309.0 0 1280.0 416.0 0 1280.0 191.0 1 1280.0 141.0 0 1299.0 142.0 0 1299.0 100.0 1 1299.0 45.0 0 1254.0 0.0 0 1199.0 0.0 1 1097.0 0.0 0 1080.0 132.0 0 1080.0 191.0 1 1080.0 201.0 0 1081.0 342.0 0 END ENDGLYPH
U+78 1242 175.0 -0.0 1 166.0 -0.0 0 75.0 3.0 0 75.0 111.0 1 75.0 564.0 0 174.0 982.0 0 174.0 1346.0 1 174.0 1471.0 0 163.0 1532.0 0 163.0 1549.0 1 163.0 1604.0 0 208.0 1649.0 0 263.0 1649.0 1 290.0 1649.0 0 315.0 1638.0 0 333.0 1620.0 1 449.0 1505.0 0 754.0 991.0 0 886.0 664.0 1 893.0 795.0 0 898.0 923.0 0 902.0 1039.0 1 913.0 1366.0 0 919.0 1514.0 0 962.0 1586.0 1 975.0 1607.0 0 1009.0 1649.0 0 1067.0 1649.0 1 1122.0 1649.0 0 1167.0 1604.0 0 1167.0 1549.0 1 1167.0 1519.0 0 1154.0 1491.0 0 1132.0 1473.0 1 1090.0 1300.0 0 1117.0 622.0 0 1029.0 92.0 1 1021.0 45.0 0 980.0 9.0 0 930.0 9.0 1 876.0 9.0 0 833.0 51.0 0 830.0 104.0 1 830.0 112.0 0 810.0 402.0 0 590.0 828.0 1 503.0 997.0 0 430.0 1125.0 0 371.0 1221.0 1 354.0 876.0 0 275.0 501.0 0 275.0 111.0 1 275.0 107.0 0 275.0 104.0 0 275.0 100.0 1 275.0 45.0 0 230.0 -0.0 0 END ENDGLYPH
U+79 1359 808.0 1449.0 1 407.0 1446.0 0 275.0 956.0 0 275.0 707.0 1 275.0 447.0 0 599.0 200.0 0 719.0 200.0 1 917.0 200.0 0 1084.0 538.0 0 1084.0 963.0 1 1084.0 1395.0 0 952.0 1449.0 0 811.0 1449.0 1 810.0 1449.0 0 809.0 1449.0 0 END 75.0 707.0 1 75.0 1095.0 0 296.0 1646.0 0 807.0 1649.0 1 808.0 1649.0 0 810.0 1649.0 0 811.0 1649.0 1 1272.0 1649.0 0 1284.0 1159.0 0 1284.0 963.0 1 1284.0 435.0 0 1058.0 0.0 0 719.0 0.0 1 484.0 0.0 0 75.0 337.0 0 END ENDGLYPH
U+80 927 325.0 1369.0 1 325.0 1367.0 0 325.0 1365.0 0 325.0 1363.0 1 325.0 1258.0 0 321.0 1159.0 0 316.0 1064.0 1 444.0 1081.0 0 513.0 1141.0 0 601.0 1260.0 1 602.0 1262.0 0 652.0 1336.0 0 652.0 1444.0 1 652.0 1446.0 0 652.0 1446.0 0 652.0 1448.0 1 518.0 1444.0 0 449.0 1421.0 0 END 125.0 1363.0 1 125.0 1464.0 0 121.0 1547.0 0 121.0 1549.0 1 121.0 1604.0 0 166.0 1649.0 0 221.0 1649.0 1 265.0 1649.0 0 303.0 1621.0 0 316.0 1581.0 1 431.0 1626.0 0 528.0 1649.0 0 703.0 1649.0 1 740.0 1649.0 0 852.0 1630.0 0 852.0 1444.0 1 852.0 1428.0 0 849.0 1259.0 0 761.0 1140.0 1 643.0 981.0 0 525.0 880.0 0 302.0 862.0 1 289.0 683.0 0 275.0 505.0 0 275.0 297.0 1 275.0 190.0 0 279.0 102.0 0 279.0 100.0 1 279.0 45.0 0 234.0 0.0 0 179.0 0.0 1 125.0 0.0 0 81.0 43.0 0 79.0 96.0 1 76.0 166.0 0 75.0 233.0 0 75.0 297.0 1 75.0 700.0 0 125.0 989.0 0 END ENDGLYPH
U+81 1381 858.0 1449.0 1 614.0 1449.0 0 275.0 1026.0 0 275.0 640.0 1 275.0 551.0 0 289.0 200.0 0 521.0 200.0 1 569.0 200.0 0 712.0 205.0 0 826.0 401.0 1 754.0 468.0 0 676.0 531.0 0 582.0 602.0 1 558.0 620.0 0 543.0 649.0 0 543.0 682.0 1 543.0 737.0 0 588.0 782.0 0 643.0 782.0 1 666.0 782.0 0 686.0 775.0 0 703.0 762.0 1 778.0 706.0 0 844.0 652.0 0 906.0 598.0 1 918.0 642.0 0 942.0 739.0 0 942.0 909.0 1 942.0 914.0 0 937.0 1312.0 0 843.0 1446.0 1 END 968.0 251.0 1 933.0 200.0 0 791.0 0.0 0 521.0 -0.0 1 225.0 0.0 0 75.0 282.0 0 75.0 640.0 1 75.0 1115.0 0 479.0 1649.0 0 858.0 1649.0 1 1137.0 1649.0 0 1142.0 965.0 0 1142.0 909.0 1 1142.0 748.0 0 1124.0 596.0 0 1066.0 443.0 1 1140.0 363.0 0 1212.0 271.0 0 1289.0 156.0 1 1300.0 140.0 0 1306.0 121.0 0 1306.0 100.0 1 1306.0 45.0 0 1261.0 0.0 0 1206.0 0.0 1 1171.0 0.0 0 1141.0 17.0 0 1123.0 44.0 1 1069.0 124.0 0 1019.0 191.0 0 END ENDGLYPH
U+82 1194 320.0 613.0 1 297.0 447.0 0 279.0 278.0 0 275.0 98.0 1 274.0 44.0 0 229.0 0.0 0 175.0 0.0 1 120.0 0.0 0 75.0 45.0 0 75.0 100.0 1 75.0 527.0 0 216.0 1049.0 0 217.0 1549.0 1 217.0 1604.0 0 262.0 1649.0 0 317.0 1649.0 1 345.0 1649.0 0 371.0 1637.0 0 389.0 1618.0 1 466.0 1636.0 0 537.0 1648.0 0 609.0 1648.0 1 697.0 1648.0 0 782.0 1629.0 0 874.0 1589.0 1 954.0 1554.0 0 1013.0 1468.0 0 1013.0 1360.0 1 1013.0 1302.0 0 996.0 1243.0 0 956.0 1193.0 1 782.0 979.0 0 646.0 896.0 0 437.0 775.0 1 470.0 752.0 0 502.0 729.0 0 533.0 708.0 1 766.0 548.0 0 935.0 432.0 0 1105.0 152.0 1 1114.0 137.0 0 1119.0 119.0 0 1119.0 100.0 1 1119.0 45.0 0 1074.0 0.0 0 1019.0 0.0 1 983.0 0.0 0 951.0 19.0 0 933.0 48.0 1 787.0 288.0 0 652.0 384.0 0 420.0 544.0 1 373.0 576.0 0 342.0 597.0 0 END 414.0 1418.0 1 408.0 1262.0 0 391.0 1114.0 0 371.0 968.0 1 556.0 1076.0 0 660.0 1146.0 0 800.0 1319.0 1 806.0 1327.0 0 813.0 1343.0 0 813.0 1360.0 1 813.0 1376.0 0 807.0 1399.0 0 794.0 1405.0 1 722.0 1437.0 0 668.0 1448.0 0 609.0 1448.0 1 556.0 1448.0 0 494.0 1438.0 0 END ENDGLYPH
U+83 1041 271.0 1134.0 1 271.0 1407.0 0 447.0 1649.0 0 715.0 1649.0 1 738.0 1649.0 0 805.0 1649.0 0 875.0 1582.0 1 897.0 1561.0 0 913.0 1540.0 0 932.0 1524.0 1 953.0 1506.0 0 966.0 1479.0 0 966.0 1449.0 1 966.0 1394.0 0 921.0 1349.0 0 866.0 1349.0 1 784.0 1349.0 0 750.0 1449.0 0 715.0 1449.0 1 548.0 1449.0 0 471.0 1277.0 0 471.0 1134.0 1 471.0 1064.0 0 489.0 992.0 0 521.0 919.0 1 575.0 797.0 0 726.0 720.0 0 782.0 569.0 1 803.0 512.0 0 815.0 460.0 0 815.0 406.0 1 815.0 325.0 0 789.0 256.0 0 757.0 181.0 1 748.0 160.0 0 673.0 0.0 0 452.0 0.0 1 445.0 0.0 0 258.0 1.0 0 111.0 124.0 1 89.0 142.0 0 75.0 170.0 0 75.0 201.0 1 75.0 256.0 0 120.0 301.0 0 175.0 301.0 1 199.0 301.0 0 222.0 293.0 0 239.0 278.0 1 281.0 243.0 0 375.0 200.0 0 452.0 200.0 1 508.0 200.0 0 559.0 226.0 0 573.0 259.0 1 603.0 331.0 0 615.0 370.0 0 615.0 406.0 1 615.0 584.0 0 428.0 637.0 0 339.0 837.0 1 298.0 930.0 0 271.0 1029.0 0 END ENDGLYPH
U+84 1135 479.0 1332.0 1 476.0 1331.0 0 240.0 1291.0 0 175.0 1291.0 1 120.0 1291.0 0 75.0 1336.0 0 75.0 1391.0 1 75.0 1443.0 0 114.0 1486.0 0 165.0 1491.0 1 324.0 1507.0 0 411.0 1520.0 0 566.0 1555.0 1 658.0 1576.0 0 767.0 1648.0 0 872.0 1648.0 1 1002.0 1648.0 0 1060.0 1535.0 0 1060.0 1486.0 1 1060.0 1431.0 0 1015.0 1386.0 0 960.0 1386.0 1 934.0 1386.0 0 892.0 1395.0 0 867.0 1448.0 1 823.0 1443.0 0 756.0 1407.0 0 679.0 1380.0 1 678.0 962.0 0 647.0 750.0 0 612.0 524.0 1 602.0 462.0 0 566.0 218.0 0 566.0 172.0 1 566.0 156.0 0 590.0 145.0 0 590.0 100.0 1 590.0 45.0 0 545.0 0.0 0 490.0 0.0 1 446.0 0.0 0 366.0 37.0 0 366.0 172.0 1 366.0 377.0 0 474.0 673.0 0 END ENDGLYPH
U+85 1207 356.0 1549.0 1 356.0 1494.0 0 275.0 1094.0 0 275.0 672.0 1 275.0 667.0 0 283.0 247.0 0 302.0 216.0 1 302.0 215.0 0 324.0 200.0 0 401.0 200.0 1 471.0 200.0 0 627.0 238.0 0 655.0 308.0 1 783.0 627.0 0 820.0 869.0 0 866.0 1164.0 1 885.0 1287.0 0 905.0 1419.0 0 934.0 1568.0 1 943.0 1614.0 0 983.0 1649.0 0 1032.0 1649.0 1 1087.0 1649.0 0 1132.0 1604.0 0 1132.0 1549.0 1 1132.0 1545.0 0 1099.0 1365.0 0 1063.0 1133.0 1 1017.0 839.0 0 976.0 574.0 0 840.0 234.0 1 767.0 52.0 0 514.0 0.0 0 401.0 0.0 1 113.0 0.0 0 103.0 146.0 0 90.0 311.0 1 80.0 443.0 0 75.0 561.0 0 75.0 672.0 1 75.0 974.0 0 109.0 1224.0 0 157.0 1563.0 1 164.0 1611.0 0 206.0 1649.0 0 256.0 1649.0 1 311.0 1649.0 0 356.0 1604.0 0 END ENDGLYPH
U+86 1434 75.0 1549.0 1 75.0 1604.0 0 120.0 1649.0 0 175.0 1649.0 1 226.0 1649.0 0 267.0 1612.0 0 274.0 1563.0 1 314.0 1273.0 0 291.0 1095.0 0 373.0 834.0 1 445.0 603.0 0 456.0 570.0 0 483.0 429.0 1 492.0 380.0 0 506.0 320.0 0 520.0 268.0 1 683.0 548.0 0 664.0 674.0 0 751.0 859.0 1 859.0 1090.0 0 950.0 1237.0 0 1059.0 1414.0 1 1094.0 1471.0 0 1132.0 1531.0 0 1173.0 1600.0 1 1190.0 1629.0 0 1223.0 1649.0 0 1259.0 1649.0 1 1314.0 1649.0 0 1359.0 1604.0 0 1359.0 1549.0 1 1359.0 1471.0 0 1145.0 1228.0 0 933.0 775.0 1 864.0 627.0 0 869.0 522.0 0 788.0 354.0 1 694.0 159.0 0 618.0 0.0 0 492.0 0.0 1 406.0 0.0 0 349.0 69.0 0 287.0 391.0 1 205.0 815.0 0 140.0 725.0 0 101.0 1273.0 1 87.0 1463.0 0 75.0 1546.0 0 END ENDGLYPH
U+87 1713 891.0 285.0 1 865.0 203.0 0 778.0 0.0 0 558.0 0.0 1 375.0 0.0 0 329.0 171.0 0 300.0 280.0 1 238.0 513.0 0 275.0 687.0 0 224.0 985.0 1 200.0 1124.0 0 171.0 1216.0 0 136.0 1329.0 1 102.0 1437.0 0 75.0 1525.0 0 75.0 1549.0 1 75.0 1604.0 0 120.0 1649.0 0 175.0 1649.0 1 221.0 1649.0 0 259.0 1618.0 0 271.0 1576.0 1 290.0 1506.0 0 309.0 1446.0 0 327.0 1389.0 1 362.0 1277.0 0 396.0 1170.0 0 422.0 1019.0 1 474.0 716.0 0 440.0 528.0 0 493.0 331.0 1 526.0 207.0 0 539.0 200.0 0 558.0 200.0 1 608.0 200.0 0 644.0 215.0 0 694.0 327.0 1 755.0 462.0 0 798.0 1147.0 0 799.0 1155.0 1 802.0 1207.0 0 846.0 1249.0 0 899.0 1249.0 1 954.0 1249.0 0 998.0 1205.0 0 999.0 1150.0 1 999.0 1142.0 0 1008.0 530.0 0 1085.0 338.0 1 1126.0 235.0 0 1126.0 234.0 0 1129.0 228.0 1 1150.0 267.0 0 1151.0 267.0 0 1205.0 460.0 1 1324.0 881.0 0 1314.0 1146.0 0 1442.0 1577.0 1 1454.0 1618.0 0 1493.0 1649.0 0 1538.0 1649.0 1 1593.0 1649.0 0 1638.0 1604.0 0 1638.0 1549.0 1 1638.0 1539.0 0 1637.0 1530.0 0 1634.0 1521.0 1 1510.0 1103.0 0 1520.0 843.0 0 1397.0 406.0 1 1394.0 394.0 0 1390.0 380.0 0 1386.0 364.0 1 1349.0 222.0 0 1290.0 0.0 0 1117.0 0.0 1 1017.0 0.0 0 959.0 93.0 0 END ENDGLYPH
U+88 1346 175.0 0.0 1 120.0 0.0 0 75.0 45.0 0 75.0 100.0 1 75.0 262.0 0 107.0 328.0 0 164.0 412.0 1 288.0 596.0 0 454.0 756.0 0 587.0 921.0 1 456.0 1139.0 0 355.0 1309.0 0 249.0 1501.0 1 241.0 1515.0 0 237.0 1532.0 0 237.0 1549.0 1 237.0 1604.0 0 282.0 1649.0 0 337.0 1649.0 1 375.0 1649.0 0 408.0 1628.0 0 425.0 1597.0 1 518.0 1428.0 0 614.0 1267.0 0 714.0 1100.0 1 824.0 1280.0 0 863.0 1399.0 0 1002.0 1605.0 1 1020.0 1632.0 0 1050.0 1649.0 0 1085.0 1649.0 1 1140.0 1649.0 0 1185.0 1604.0 0 1185.0 1549.0 1 1185.0 1528.0 0 1179.0 1509.0 0 1168.0 1493.0 1 1016.0 1267.0 0 966.0 1107.0 0 828.0 908.0 1 963.0 682.0 0 1106.0 438.0 0 1260.0 146.0 1 1267.0 132.0 0 1271.0 117.0 0 1271.0 100.0 1 1271.0 45.0 0 1226.0 0.0 0 1171.0 0.0 1 1133.0 0.0 0 1099.0 22.0 0 1082.0 54.0 1 946.0 313.0 0 818.0 533.0 0 696.0 739.0 1 570.0 590.0 0 432.0 451.0 0 330.0 300.0 1 286.0 235.0 0 277.0 211.0 0 275.0 98.0 1 274.0 44.0 0 230.0 0.0 0 END ENDGLYPH
U+89 1002 557.0 0.0 1 461.0 0.0 0 441.0 102.0 0 441.0 248.0 1 441.0 416.0 0 472.0 646.0 0 476.0 863.0 1 429.0 873.0 0 371.0 905.0 0 330.0 999.0 1 263.0 1153.0 0 261.0 1422.0 0 205.0 1446.0 1 203.0 1447.0 0 196.0 1449.0 0 175.0 1449.0 1 120.0 1449.0 0 75.0 1494.0 0 75.0 1549.0 1 75.0 1604.0 0 120.0 1649.0 0 175.0 1649.0 1 265.0 1649.0 0 329.0 1622.0 0 387.0 1542.0 1 463.0 1437.0 0 462.0 1191.0 0 515.0 1075.0 1 600.0 1184.0 0 679.0 1486.0 0 739.0 1597.0 1 756.0 1628.0 0 789.0 1649.0 0 827.0 1649.0 1 882.0 1649.0 0 927.0 1604.0 0 927.0 1549.0 1 927.0 1532.0 0 923.0 1515.0 0 915.0 1501.0 1 866.0 1411.0 0 784.0 1098.0 0 676.0 956.0 1 676.0 939.0 0 676.0 920.0 0 676.0 903.0 1 676.0 665.0 0 641.0 413.0 0 641.0 248.0 1 641.0 134.0 0 657.0 133.0 0 657.0 100.0 1 657.0 45.0 0 612.0 0.0 0 END ENDGLYPH
U+90 1492 941.0 1447.0 1 509.0 1444.0 0 280.0 1407.0 0 261.0 1407.0 1 206.0 1407.0 0 161.0 1452.0 0 161.0 1507.0 1 161.0 1558.0 0 199.0 1600.0 0 248.0 1606.0 1 514.0 1640.0 0 800.0 1647.0 0 995.0 1647.0 1 1047.0 1647.0 0 1093.0 1647.0 0 1130.0 1646.0 1 1184.0 1645.0 0 1228.0 1601.0 0 1228.0 1546.0 1 1228.0 1526.0 0 1222.0 1507.0 0 1211.0 1491.0 1 1210.0 1490.0 0 839.0 932.0 0 523.0 522.0 1 463.0 444.0 0 371.0 307.0 0 315.0 204.0 1 547.0 219.0 0 799.0 269.0 0 1099.0 269.0 1 1229.0 269.0 0 1306.0 269.0 0 1394.0 164.0 1 1408.0 147.0 0 1417.0 124.0 0 1417.0 100.0 1 1417.0 45.0 0 1372.0 0.0 0 1317.0 0.0 1 1286.0 0.0 0 1258.0 14.0 0 1240.0 36.0 1 1213.0 69.0 0 1212.0 69.0 0 1099.0 69.0 1 758.0 69.0 0 473.0 0.0 0 191.0 0.0 1 131.0 0.0 0 75.0 46.0 0 75.0 120.0 1 75.0 265.0 0 361.0 639.0 0 365.0 644.0 1 573.0 914.0 0 809.0 1253.0 0 END ENDGLYPH
U+91 1216 300.0 -707.0 1 242.0 -707.0 0 75.0 -707.0 0 75.0 -555.0 1 75.0 -544.0 0 159.0 58.0 0 236.0 521.0 1 313.0 981.0 0 319.0 1373.0 0 319.0 1408.0 1 319.0 1408.0 0 319.0 1426.0 0 319.0 1427.0 1 319.0 1428.0 1 319.0 1512.0 0 335.0 1649.0 0 565.0 1649.0 1 576.0 1649.0 1 887.0 1649.0 0 968.0 1649.0 0 1097.0 1560.0 1 1123.0 1542.0 0 1141.0 1512.0 0 1141.0 1478.0 1 1141.0 1423.0 0 1096.0 1378.0 0 1041.0 1378.0 1 1020.0 1378.0 0 1000.0 1385.0 0 984.0 1396.0 1 908.0 1448.0 0 877.0 1449.0 0 565.0 1449.0 1 543.0 1449.0 0 528.0 1447.0 0 519.0 1445.0 1 519.0 1440.0 0 519.0 1434.0 0 519.0 1427.0 1 519.0 1421.0 0 519.0 1415.0 0 519.0 1408.0 1 519.0 1363.0 0 512.0 963.0 0 433.0 487.0 1 370.0 111.0 0 296.0 -418.0 0 283.0 -507.0 1 289.0 -507.0 0 294.0 -507.0 0 300.0 -507.0 1 445.0 -507.0 0 543.0 -469.0 0 647.0 -469.0 1 747.0 -469.0 0 867.0 -516.0 0 867.0 -606.0 1 867.0 -661.0 0 822.0 -706.0 0 767.0 -706.0 1 708.0 -706.0 0 714.0 -669.0 0 647.0 -669.0 1 576.0 -669.0 0 459.0 -707.0 0 END ENDGLYPH
U+92 1359 75.0 1549.0 1 75.0 1604.0 0 120.0 1649.0 0 175.0 1649.0 1 219.0 1649.0 0 256.0 1621.0 0 270.0 1582.0 1 416.0 1159.0 0 590.0 885.0 0 712.0 566.0 1 900.0 74.0 0 1025.0 -228.0 0 1264.0 -546.0 1 1277.0 -563.0 0 1284.0 -583.0 0 1284.0 -606.0 1 1284.0 -661.0 0 1239.0 -706.0 0 1184.0 -706.0 1 1151.0 -706.0 0 1122.0 -690.0 0 1104.0 -666.0 1 847.0 -324.0 0 714.0 2.0 0 526.0 494.0 1 408.0 802.0 0 231.0 1079.0 0 80.0 1516.0 1 76.0 1526.0 0 75.0 1538.0 0 END ENDGLYPH
U+93 1216 915.0 1650.0 1 973.0 1650.0 0 1141.0 1650.0 0 1141.0 1498.0 1 1141.0 1487.0 0 1057.0 885.0 0 980.0 422.0 1 903.0 -38.0 0 897.0 -430.0 0 897.0 -465.0 1 897.0 -465.0 0 897.0 -483.0 0 897.0 -484.0 1 897.0 -485.0 1 897.0 -569.0 0 881.0 -706.0 0 651.0 -706.0 1 639.0 -706.0 1 328.0 -706.0 0 247.0 -706.0 0 118.0 -617.0 1 92.0 -599.0 0 75.0 -569.0 0 75.0 -535.0 1 75.0 -480.0 0 120.0 -435.0 0 175.0 -435.0 1 196.0 -435.0 0 216.0 -442.0 0 232.0 -453.0 1 308.0 -505.0 0 339.0 -506.0 0 651.0 -506.0 1 673.0 -506.0 0 688.0 -504.0 0 697.0 -502.0 1 697.0 -497.0 0 697.0 -491.0 0 697.0 -484.0 1 697.0 -478.0 0 697.0 -472.0 0 697.0 -465.0 1 697.0 -420.0 0 703.0 -20.0 0 782.0 456.0 1 845.0 832.0 0 920.0 1361.0 0 933.0 1450.0 1 927.0 1450.0 0 921.0 1450.0 0 915.0 1450.0 1 770.0 1450.0 0 672.0 1412.0 0 568.0 1412.0 1 468.0 1412.0 0 349.0 1459.0 0 349.0 1549.0 1 349.0 1604.0 0 394.0 1649.0 0 449.0 1649.0 1 508.0 1649.0 0 501.0 1612.0 0 568.0 1612.0 1 639.0 1612.0 0 756.0 1650.0 0 END ENDGLYPH
U+94 1113 175.0 651.0 1 120.0 651.0 0 75.0 696.0 0 75.0 751.0 1 75.0 802.0 0 306.0 1347.0 0 582.0 1347.0 1 700.0 1347.0 0 774.0 1238.0 0 821.0 1161.0 1 882.0 1059.0 0 945.0 922.0 0 1019.0 821.0 1 1031.0 804.0 0 1038.0 784.0 0 1038.0 762.0 1 1038.0 707.0 0 993.0 662.0 0 938.0 662.0 1 905.0 662.0 0 875.0 678.0 0 857.0 703.0 1 738.0 865.0 0 646.0 1104.0 0 581.0 1146.0 1 582.0 1147.0 1 524.0 1147.0 0 370.0 970.0 0 268.0 714.0 1 253.0 677.0 0 217.0 651.0 0 END ENDGLYPH
U+95 1379 1204.0 -237.0 1 1155.0 -237.0 0 1154.0 -200.0 0 936.0 -200.0 1 719.0 -200.0 0 443.0 -236.0 0 177.0 -241.0 1 176.0 -241.0 0 176.0 -241.0 0 175.0 -241.0 1 120.0 -241.0 0 75.0 -196.0 0 75.0 -141.0 1 75.0 -87.0 0 119.0 -42.0 0 173.0 -41.0 1 427.0 -36.0 0 711.0 0.0 0 936.0 -0.0 1 1303.0 0.0 0 1304.0 -99.0 0 1304.0 -137.0 1 1304.0 -192.0 0 1259.0 -237.0 0 END ENDGLYPH
U+96 506 75.0 1549.0 1 75.0 1604.0 0 120.0 1649.0 0 175.0 1649.0 1 209.0 1649.0 0 239.0 1632.0 0 257.0 1606.0 1 314.0 1524.0 0 360.0 1467.0 0 416.0 1377.0 1 426.0 1362.0 0 431.0 1343.0 0 431.0 1324.0 1 431.0 1269.0 0 386.0 1224.0 0 331.0 1224.0 1 295.0 1224.0 0 264.0 1243.0 0 246.0 1271.0 1 196.0 1351.0 0 143.0 1419.0 0 93.0 1492.0 1 82.0 1508.0 0 75.0 1528.0 0 END ENDGLYPH
U+97 926 260.0 0.0 1 180.0 0.0 0 75.0 38.0 0 75.0 237.0 1 75.0 372.0 0 100.0 459.0 0 166.0 692.0 1 205.0 830.0 0 270.0 1059.0 0 518.0 1059.0 1 552.0 1059.0 0 587.0 1054.0 0 624.0 1045.0 1 639.0 1054.0 0 657.0 1059.0 0 675.0 1059.0 1 727.0 1059.0 0 769.0 1019.0 0 774.0 969.0 1 774.0 966.0 0 776.0 952.0 0 776.0 928.0 1 776.0 928.0 0 776.0 902.0 0 775.0 886.0 1 781.0 784.0 0 797.0 660.0 0 812.0 584.0 1 850.0 390.0 0 827.0 238.0 0 849.0 118.0 1 850.0 112.0 0 851.0 106.0 0 851.0 100.0 1 851.0 45.0 0 806.0 0.0 0 751.0 0.0 1 702.0 0.0 0 661.0 36.0 0 652.0 82.0 1 639.0 154.0 0 638.0 222.0 0 637.0 290.0 1 636.0 321.0 0 636.0 352.0 0 634.0 384.0 1 530.0 171.0 0 431.0 0.0 0 END 518.0 859.0 1 433.0 859.0 0 403.0 796.0 0 358.0 637.0 1 294.0 412.0 0 275.0 344.0 0 275.0 237.0 1 275.0 225.0 0 276.0 214.0 0 277.0 205.0 1 331.0 230.0 0 387.0 339.0 0 443.0 448.0 1 531.0 621.0 0 561.0 764.0 0 571.0 852.0 1 550.0 857.0 0 532.0 859.0 0 END ENDGLYPH
U+98 980 289.0 236.0 1 544.0 340.0 0 705.0 489.0 0 705.0 698.0 1 705.0 722.0 0 704.0 730.0 0 696.0 746.0 1 666.0 805.0 0 580.0 859.0 0 530.0 859.0 1 409.0 859.0 0 391.0 810.0 0 345.0 653.0 1 335.0 620.0 0 316.0 488.0 0 END 147.0 1234.0 1 147.0 1235.0 0 147.0 1330.0 0 147.0 1333.0 1 147.0 1400.0 0 147.0 1472.0 0 149.0 1552.0 1 150.0 1606.0 0 195.0 1649.0 0 249.0 1649.0 1 304.0 1649.0 0 349.0 1604.0 0 349.0 1549.0 1 349.0 1547.0 0 347.0 1476.0 0 347.0 1333.0 1 347.0 1331.0 0 347.0 1235.0 0 347.0 1234.0 1 347.0 1162.0 0 346.0 1092.0 0 343.0 1017.0 1 384.0 1040.0 0 442.0 1059.0 0 530.0 1059.0 1 694.0 1059.0 0 895.0 900.0 0 904.0 731.0 1 905.0 720.0 0 905.0 710.0 0 905.0 698.0 1 905.0 166.0 0 234.0 0.0 0 185.0 -0.0 1 183.0 0.0 0 182.0 0.0 0 180.0 0.0 1 178.0 0.0 0 177.0 0.0 0 175.0 0.0 1 120.0 0.0 0 75.0 45.0 0 75.0 100.0 1 75.0 109.0 0 84.0 197.0 0 88.0 231.0 1 102.0 405.0 0 98.0 558.0 0 123.0 767.0 1 145.0 948.0 0 147.0 1083.0 0 END ENDGLYPH
U+99 915 545.0 1059.0 1 566.0 1059.0 0 674.0 1054.0 0 674.0 955.0 1 674.0 900.0 0 629.0 855.0 0 574.0 855.0 1 557.0 855.0 0 550.0 859.0 0 545.0 859.0 1 469.0 859.0 0 275.0 590.0 0 275.0 291.0 1 275.0 253.0 0 275.0 200.0 0 391.0 200.0 1 583.0 200.0 0 645.0 356.0 0 740.0 356.0 1 795.0 356.0 0 840.0 311.0 0 840.0 256.0 1 840.0 206.0 0 820.0 190.0 0 760.0 146.0 1 657.0 70.0 0 562.0 0.0 0 391.0 0.0 1 318.0 0.0 0 75.0 20.0 0 75.0 291.0 1 75.0 646.0 0 303.0 1059.0 0 END ENDGLYPH
U+100 1063 410.0 0.0 1 252.0 0.0 0 75.0 35.0 0 75.0 317.0 1 75.0 485.0 0 186.0 835.0 0 416.0 951.0 1 435.0 961.0 0 453.0 971.0 0 471.0 981.0 1 536.0 1016.0 0 611.0 1059.0 0 715.0 1059.0 1 726.0 1059.0 0 737.0 1058.0 0 748.0 1057.0 1 771.0 1301.0 0 788.0 1556.0 0 788.0 1556.0 1 792.0 1608.0 0 835.0 1649.0 0 888.0 1649.0 1 945.0 1649.0 0 988.0 1602.0 0 988.0 1550.0 1 988.0 1549.0 0 988.0 1548.0 0 988.0 1547.0 1 988.0 1539.0 0 970.0 1119.0 0 909.0 704.0 1 882.0 518.0 0 875.0 352.0 0 875.0 242.0 1 875.0 143.0 0 880.0 101.0 0 880.0 100.0 1 880.0 45.0 0 835.0 0.0 0 780.0 0.0 1 730.0 0.0 0 689.0 36.0 0 681.0 84.0 1 678.0 100.0 0 678.0 118.0 0 677.0 141.0 1 630.0 74.0 0 553.0 0.0 0 END 715.0 859.0 1 669.0 859.0 0 635.0 842.0 0 567.0 805.0 1 549.0 795.0 0 528.0 784.0 0 506.0 773.0 1 366.0 702.0 0 275.0 434.0 0 275.0 317.0 1 275.0 293.0 0 278.0 269.0 0 283.0 244.0 1 288.0 222.0 0 292.0 200.0 0 410.0 200.0 1 483.0 200.0 0 505.0 233.0 0 559.0 334.0 1 570.0 355.0 0 582.0 379.0 0 597.0 403.0 1 676.0 535.0 0 696.0 624.0 0 727.0 858.0 1 723.0 858.0 0 719.0 859.0 0 END ENDGLYPH
U+101 1040 131.0 493.0 1 118.0 501.0 0 75.0 526.0 0 75.0 583.0 1 75.0 633.0 0 112.0 674.0 0 159.0 682.0 1 172.0 728.0 0 191.0 780.0 0 219.0 827.0 1 278.0 925.0 0 367.0 1059.0 0 598.0 1059.0 1 656.0 1059.0 0 830.0 1043.0 0 830.0 852.0 1 830.0 519.0 0 500.0 427.0 0 355.0 427.0 1 348.0 427.0 0 341.0 428.0 0 334.0 428.0 1 334.0 425.0 0 352.0 321.0 0 364.0 281.0 1 377.0 240.0 0 389.0 200.0 0 527.0 200.0 1 685.0 200.0 0 787.0 338.0 0 865.0 338.0 1 920.0 338.0 0 965.0 293.0 0 965.0 238.0 1 965.0 184.0 0 937.0 165.0 0 885.0 132.0 1 793.0 73.0 0 679.0 0.0 0 527.0 0.0 1 215.0 0.0 0 182.0 163.0 0 142.0 364.0 1 134.0 403.0 0 131.0 443.0 0 131.0 482.0 1 131.0 486.0 0 131.0 489.0 0 END 598.0 859.0 1 488.0 859.0 0 449.0 822.0 0 391.0 725.0 1 385.0 715.0 0 366.0 681.0 0 351.0 627.0 1 352.0 627.0 0 354.0 627.0 0 355.0 627.0 1 391.0 627.0 0 434.0 636.0 0 490.0 658.0 1 522.0 670.0 0 630.0 711.0 0 630.0 852.0 1 630.0 853.0 0 630.0 855.0 0 630.0 856.0 1 624.0 857.0 0 614.0 859.0 0 END ENDGLYPH
U+102 1105 299.0 785.0 1 187.0 756.0 0 187.0 756.0 0 175.0 756.0 1 120.0 756.0 0 75.0 801.0 0 75.0 856.0 1 75.0 933.0 0 135.0 949.0 0 192.0 964.0 1 247.0 978.0 0 302.0 993.0 0 357.0 1006.0 1 387.0 1138.0 0 414.0 1288.0 0 446.0 1399.0 1 461.0 1451.0 0 536.0 1649.0 0 681.0 1649.0 1 727.0 1649.0 0 793.0 1635.0 0 828.0 1558.0 1 829.0 1557.0 0 867.0 1458.0 0 867.0 1431.0 1 867.0 1376.0 0 822.0 1331.0 0 767.0 1331.0 1 698.0 1331.0 0 675.0 1389.0 0 667.0 1410.0 1 635.0 1354.0 0 628.0 1321.0 0 570.0 1047.0 1 626.0 1054.0 0 685.0 1058.0 0 744.0 1058.0 1 810.0 1058.0 0 878.0 1052.0 0 948.0 1040.0 1 995.0 1032.0 0 1030.0 991.0 0 1030.0 942.0 1 1030.0 887.0 0 985.0 842.0 0 930.0 842.0 1 908.0 842.0 0 851.0 858.0 0 744.0 858.0 1 669.0 858.0 0 596.0 850.0 0 521.0 836.0 1 515.0 814.0 0 509.0 793.0 0 502.0 773.0 1 460.0 647.0 0 483.0 333.0 0 417.0 75.0 1 406.0 32.0 0 367.0 0.0 0 320.0 0.0 1 265.0 0.0 0 220.0 45.0 0 220.0 100.0 1 220.0 109.0 0 221.0 117.0 0 223.0 125.0 1 277.0 338.0 0 262.0 613.0 0 END ENDGLYPH
U+103 1178 609.0 0.0 1 459.0 0.0 0 287.0 107.0 0 287.0 393.0 1 287.0 536.0 0 306.0 714.0 0 427.0 855.0 1 515.0 958.0 0 614.0 1058.0 0 798.0 1058.0 1 856.0 1058.0 0 899.0 1051.0 0 942.0 1038.0 1 959.0 1051.0 0 980.0 1059.0 0 1003.0 1059.0 1 1058.0 1059.0 0 1103.0 1014.0 0 1103.0 959.0 1 1103.0 384.0 0 1008.0 206.0 0 975.0 -110.0 1 966.0 -193.0 0 958.0 -281.0 0 919.0 -378.0 1 893.0 -442.0 0 878.0 -497.0 0 850.0 -551.0 1 796.0 -653.0 0 711.0 -706.0 0 573.0 -706.0 1 340.0 -706.0 0 223.0 -573.0 0 135.0 -473.0 1 81.0 -412.0 0 75.0 -405.0 0 75.0 -368.0 1 75.0 -313.0 0 120.0 -268.0 0 175.0 -268.0 1 297.0 -268.0 0 324.0 -506.0 0 573.0 -506.0 1 658.0 -506.0 0 667.0 -484.0 0 707.0 -373.0 1 763.0 -220.0 0 762.0 -220.0 0 776.0 -89.0 1 780.0 -50.0 0 785.0 -8.0 0 792.0 39.0 1 733.0 13.0 0 669.0 0.0 0 END 487.0 393.0 1 487.0 328.0 0 500.0 200.0 0 609.0 200.0 1 696.0 200.0 0 784.0 246.0 0 819.0 333.0 1 888.0 507.0 0 893.0 643.0 0 899.0 842.0 1 866.0 852.0 0 842.0 858.0 0 798.0 858.0 1 718.0 858.0 0 672.0 834.0 0 579.0 725.0 1 512.0 647.0 0 487.0 540.0 0 END ENDGLYPH
U+104 1042 75.0 100.0 1 75.0 381.0 0 173.0 1082.0 0 173.0 1374.0 1 173.0 1465.0 0 168.0 1540.0 0 168.0 1549.0 1 168.0 1604.0 0 213.0 1649.0 0 268.0 1649.0 1 322.0 1649.0 0 365.0 1607.0 0 368.0 1554.0 1 371.0 1487.0 0 373.0 1429.0 0 373.0 1374.0 1 373.0 1278.0 0 371.0 1201.0 0 344.0 930.0 1 482.0 1017.0 0 661.0 1059.0 0 758.0 1059.0 1 837.0 1059.0 0 967.0 1022.0 0 967.0 776.0 1 967.0 769.0 0 951.0 363.0 0 914.0 87.0 1 908.0 38.0 0 866.0 0.0 0 815.0 0.0 1 760.0 0.0 0 715.0 45.0 0 715.0 100.0 1 715.0 104.0 0 734.0 216.0 0 754.0 542.0 1 767.0 756.0 0 767.0 756.0 0 767.0 776.0 1 767.0 801.0 0 766.0 838.0 0 757.0 859.0 1 646.0 856.0 0 455.0 789.0 0 385.0 707.0 1 309.0 618.0 0 306.0 614.0 0 275.0 94.0 1 272.0 42.0 0 228.0 0.0 0 175.0 0.0 1 120.0 0.0 0 75.0 45.0 0 END ENDGLYPH
U+105 594 435.0 780.0 1 435.0 600.0 0 326.0 274.0 0 326.0 136.0 1 326.0 125.0 0 328.0 100.0 0 328.0 100.0 1 328.0 45.0 0 283.0 0.0 0 228.0 0.0 1 176.0 0.0 0 134.0 40.0 0 129.0 90.0 1 127.0 105.0 0 126.0 121.0 0 126.0 136.0 1 126.0 310.0 0 235.0 629.0 0 235.0 780.0 1 235.0 869.0 0 188.0 911.0 0 188.0 959.0 1 188.0 1014.0 0 233.0 1059.0 0 288.0 1059.0 1 326.0 1059.0 0 360.0 1037.0 0 377.0 1005.0 1 410.0 943.0 0 435.0 866.0 0 END 408.0 1649.0 1 453.0 1649.0 0 519.0 1610.0 0 519.0 1537.0 1 519.0 1488.0 0 482.0 1446.0 0 455.0 1420.0 1 445.0 1410.0 0 393.0 1366.0 0 349.0 1326.0 1 322.0 1301.0 0 297.0 1265.0 0 297.0 1249.0 1 297.0 1322.0 0 75.0 1421.0 0 75.0 1537.0 1 75.0 1610.0 0 141.0 1649.0 0 186.0 1649.0 1 259.0 1649.0 0 297.0 1590.0 0 297.0 1549.0 1 297.0 1590.0 0 335.0 1649.0 0 END ENDGLYPH
U+106 1199 880.0 532.0 1 880.0 759.0 0 839.0 931.0 0 839.0 959.0 1 839.0 1014.0 0 884.0 1059.0 0 939.0 1059.0 1 988.0 1059.0 0 1029.0 1024.0 0 1037.0 977.0 1 1066.0 816.0 0 1080.0 673.0 0 1080.0 532.0 1 1080.0 372.0 0 1062.0 215.0 0 1028.0 31.0 1 1019.0 -15.0 0 1012.0 -61.0 0 1005.0 -106.0 1 974.0 -296.0 0 948.0 -457.0 0 849.0 -561.0 1 727.0 -688.0 0 565.0 -706.0 0 420.0 -706.0 1 267.0 -706.0 0 75.0 -597.0 0 75.0 -431.0 1 75.0 -321.0 0 172.0 -320.0 0 176.0 -320.0 1 231.0 -320.0 0 276.0 -365.0 0 276.0 -420.0 1 276.0 -425.0 0 275.0 -431.0 0 275.0 -431.0 1 275.0 -456.0 0 353.0 -506.0 0 420.0 -506.0 1 738.0 -506.0 0 756.0 -393.0 0 807.0 -74.0 1 814.0 -29.0 0 822.0 18.0 0 831.0 67.0 1 864.0 244.0 0 880.0 388.0 0 END 1013.0 1649.0 1 1058.0 1649.0 0 1124.0 1610.0 0 1124.0 1537.0 1 1124.0 1488.0 0 1087.0 1446.0 0 1060.0 1420.0 1 1050.0 1410.0 0 998.0 1366.0 0 954.0 1326.0 1 927.0 1301.0 0 902.0 1265.0 0 902.0 1249.0 1 902.0 1322.0 0 680.0 1421.0 0 680.0 1537.0 1 680.0 1610.0 0 746.0 1649.0 0 791.0 1649.0 1 864.0 1649.0 0 902.0 1590.0 0 902.0 1549.0 1 902.0 1590.0 0 940.0 1649.0 0 END ENDGLYPH
U+107 931 190.0 1406.0 1 190.0 1533.0 0 178.0 1517.0 0 178.0 1549.0 1 178.0 1604.0 0 223.0 1649.0 0 278.0 1649.0 1 390.0 1649.0 0 390.0 1511.0 0 390.0 1406.0 1 390.0 1254.0 0 373.0 1015.0 0 352.0 781.0 1 572.0 918.0 0 620.0 948.0 0 677.0 1021.0 1 695.0 1044.0 0 724.0 1059.0 0 756.0 1059.0 1 811.0 1059.0 0 856.0 1014.0 0 856.0 959.0 1 856.0 936.0 0 848.0 914.0 0 835.0 897.0 1 692.0 714.0 0 389.0 596.0 0 333.0 518.0 1 338.0 480.0 0 433.0 431.0 0 505.0 393.0 1 625.0 331.0 0 757.0 261.0 0 795.0 127.0 1 797.0 118.0 0 799.0 109.0 0 799.0 100.0 1 799.0 45.0 0 754.0 0.0 0 699.0 0.0 1 653.0 0.0 0 615.0 31.0 0 603.0 73.0 1 589.0 122.0 0 504.0 168.0 0 413.0 215.0 1 375.0 235.0 0 336.0 255.0 0 300.0 277.0 1 289.0 183.0 0 279.0 113.0 0 273.0 82.0 1 265.0 35.0 0 224.0 0.0 0 175.0 0.0 1 120.0 0.0 0 75.0 45.0 0 75.0 100.0 1 75.0 113.0 0 190.0 967.0 0 END ENDGLYPH
U+108 412 214.0 0.0 1 117.0 0.0 0 75.0 106.0 0 75.0 454.0 1 75.0 737.0 0 104.0 1108.0 0 124.0 1375.0 1 129.0 1443.0 0 134.0 1505.0 0 138.0 1556.0 1 142.0 1608.0 0 184.0 1649.0 0 237.0 1649.0 1 292.0 1649.0 0 337.0 1604.0 0 337.0 1549.0 1 337.0 1500.0 0 275.0 845.0 0 275.0 454.0 1 275.0 423.0 0 276.0 197.0 0 303.0 147.0 1 311.0 133.0 0 314.0 117.0 0 314.0 100.0 1 314.0 45.0 0 269.0 0.0 0 END ENDGLYPH
U+109 1381 546.0 100.0 1 546.0 135.0 0 617.0 363.0 0 617.0 530.0 1 617.0 578.0 0 603.0 731.0 0 573.0 825.0 1 552.0 803.0 0 419.0 663.0 0 329.0 378.0 1 301.0 259.0 0 294.0 224.0 0 274.0 85.0 1 267.0 37.0 0 225.0 0.0 0 175.0 0.0 1 120.0 0.0 0 75.0 45.0 0 75.0 100.0 1 75.0 178.0 0 120.0 378.0 0 136.0 431.0 1 167.0 562.0 0 197.0 710.0 0 197.0 936.0 1 197.0 943.0 0 197.0 950.0 0 197.0 958.0 1 197.0 959.0 1 197.0 1014.0 0 242.0 1059.0 0 297.0 1059.0 1 336.0 1059.0 0 397.0 1042.0 0 397.0 936.0 1 397.0 933.0 0 397.0 931.0 0 397.0 928.0 1 425.0 961.0 0 509.0 1059.0 0 588.0 1059.0 1 732.0 1059.0 0 773.0 863.0 0 787.0 797.0 1 819.0 842.0 0 981.0 1059.0 0 1121.0 1059.0 1 1204.0 1059.0 0 1306.0 1007.0 0 1306.0 487.0 1 1306.0 354.0 0 1298.0 214.0 0 1281.0 87.0 1 1274.0 38.0 0 1233.0 0.0 0 1182.0 0.0 1 1127.0 0.0 0 1082.0 45.0 0 1082.0 100.0 1 1082.0 116.0 0 1106.0 260.0 0 1106.0 487.0 1 1106.0 547.0 0 1104.0 712.0 0 1081.0 826.0 1 1079.0 824.0 0 957.0 719.0 0 901.0 601.0 1 867.0 529.0 0 821.0 394.0 0 773.0 203.0 1 757.0 128.0 0 743.0 75.0 0 743.0 74.0 1 731.0 32.0 0 692.0 0.0 0 646.0 0.0 1 591.0 0.0 0 546.0 45.0 0 END ENDGLYPH
U+110 1048 232.0 727.0 1 232.0 787.0 0 213.0 900.0 0 213.0 959.0 1 213.0 1014.0 0 258.0 1059.0 0 313.0 1059.0 1 367.0 1059.0 0 411.0 1016.0 0 413.0 963.0 1 414.0 934.0 0 416.0 909.0 0 419.0 885.0 1 476.0 953.0 0 576.0 1059.0 0 719.0 1059.0 1 912.0 1059.0 0 937.0 869.0 0 950.0 767.0 1 973.0 595.0 0 973.0 594.0 0 973.0 520.0 1 973.0 376.0 0 949.0 259.0 0 936.0 92.0 1 932.0 41.0 0 888.0 0.0 0 836.0 0.0 1 781.0 0.0 0 736.0 45.0 0 736.0 100.0 1 736.0 161.0 0 773.0 382.0 0 773.0 520.0 1 773.0 618.0 0 744.0 832.0 0 725.0 859.0 1 724.0 859.0 0 722.0 859.0 0 719.0 859.0 1 661.0 859.0 0 607.0 798.0 0 549.0 728.0 1 537.0 714.0 0 526.0 700.0 0 513.0 686.0 1 465.0 633.0 0 408.0 508.0 0 344.0 309.0 1 303.0 182.0 0 270.0 76.0 0 270.0 75.0 1 257.0 35.0 0 219.0 7.0 0 175.0 7.0 1 120.0 7.0 0 75.0 52.0 0 75.0 107.0 1 75.0 162.0 0 232.0 558.0 0 END ENDGLYPH
U+111 879 604.0 741.0 1 604.0 837.0 0 580.0 859.0 0 498.0 859.0 1 309.0 859.0 0 298.0 779.0 0 284.0 588.0 1 275.0 465.0 0 275.0 465.0 0 275.0 458.0 1 275.0 342.0 0 316.0 200.0 0 393.0 200.0 1 501.0 200.0 0 568.0 382.0 0 583.0 527.0 1 604.0 725.0 0 604.0 725.0 0 END 393.0 0.0 1 190.0 0.0 0 75.0 212.0 0 75.0 458.0 1 75.0 492.0 0 89.0 678.0 0 101.0 746.0 1 127.0 889.0 0 204.0 1059.0 0 498.0 1059.0 1 618.0 1059.0 0 804.0 1015.0 0 804.0 741.0 1 804.0 714.0 0 804.0 713.0 0 782.0 505.0 1 777.0 457.0 0 719.0 0.0 0 END ENDGLYPH
U+112 974 699.0 715.0 1 699.0 841.0 0 665.0 859.0 0 578.0 859.0 1 507.0 859.0 0 448.0 842.0 0 372.0 815.0 1 351.0 384.0 0 350.0 384.0 0 350.0 374.0 1 350.0 372.0 0 352.0 246.0 0 390.0 200.0 1 500.0 208.0 0 699.0 429.0 0 END 275.0 -510.0 1 275.0 -563.0 0 279.0 -605.0 0 279.0 -606.0 1 279.0 -661.0 0 234.0 -706.0 0 179.0 -706.0 1 127.0 -706.0 0 84.0 -667.0 0 79.0 -616.0 1 76.0 -583.0 0 75.0 -548.0 0 75.0 -510.0 1 75.0 -199.0 0 153.0 271.0 0 164.0 667.0 1 166.0 753.0 0 168.0 842.0 0 179.0 968.0 1 183.0 1019.0 0 227.0 1059.0 0 279.0 1059.0 1 311.0 1059.0 0 339.0 1044.0 0 357.0 1021.0 1 424.0 1042.0 0 495.0 1059.0 0 578.0 1059.0 1 683.0 1059.0 0 899.0 1034.0 0 899.0 715.0 1 899.0 338.0 0 630.0 0.0 0 384.0 0.0 1 359.0 0.0 0 335.0 5.0 0 313.0 14.0 1 293.0 -188.0 0 275.0 -379.0 0 END ENDGLYPH
U+113 1032 644.0 -399.0 1 644.0 -519.0 0 718.0 -536.0 0 718.0 -606.0 1 718.0 -661.0 0 673.0 -706.0 0 618.0 -706.0 1 586.0 -706.0 0 556.0 -691.0 0 538.0 -667.0 1 463.0 -570.0 0 444.0 -478.0 0 444.0 -399.0 1 444.0 -249.0 0 514.0 -106.0 0 557.0 77.0 1 493.0 31.0 0 418.0 0.0 0 327.0 0.0 1 197.0 0.0 0 75.0 106.0 0 75.0 237.0 1 75.0 412.0 0 165.0 545.0 0 295.0 738.0 1 434.0 945.0 0 561.0 1059.0 0 686.0 1059.0 1 724.0 1059.0 0 758.0 1049.0 0 788.0 1032.0 1 806.0 1049.0 0 830.0 1059.0 0 857.0 1059.0 1 912.0 1059.0 0 957.0 1014.0 0 957.0 959.0 1 957.0 953.0 0 950.0 729.0 0 819.0 416.0 1 802.0 358.0 0 789.0 298.0 0 783.0 227.0 1 758.0 -60.0 0 644.0 -254.0 0 END 735.0 824.0 1 713.0 839.0 0 691.0 859.0 0 686.0 859.0 1 610.0 844.0 0 505.0 690.0 0 425.0 574.0 1 370.0 494.0 0 275.0 355.0 0 275.0 237.0 1 275.0 224.0 0 302.0 200.0 0 327.0 200.0 1 465.0 200.0 0 589.0 389.0 0 630.0 484.0 1 667.0 610.0 0 716.0 719.0 0 END ENDGLYPH
U+114 1103 75.0 103.0 1 75.0 142.0 0 244.0 578.0 0 244.0 740.0 1 244.0 838.0 0 201.0 919.0 0 201.0 959.0 1 201.0 1014.0 0 246.0 1059.0 0 301.0 1059.0 1 346.0 1059.0 0 384.0 1030.0 0 397.0 989.0 1 410.0 947.0 0 421.0 908.0 0 430.0 868.0 1 535.0 964.0 0 674.0 1059.0 0 814.0 1059.0 1 898.0 1059.0 0 1028.0 1012.0 0 1028.0 919.0 1 1028.0 864.0 0 983.0 819.0 0 928.0 819.0 1 869.0 819.0 0 869.0 859.0 0 814.0 859.0 1 734.0 859.0 0 610.0 774.0 0 497.0 653.0 1 446.0 598.0 0 433.0 563.0 0 390.0 425.0 1 365.0 343.0 0 330.0 230.0 0 269.0 68.0 1 255.0 30.0 0 218.0 3.0 0 175.0 3.0 1 120.0 3.0 0 75.0 48.0 0 END ENDGLYPH
U+115 1108 175.0 242.0 1 222.0 242.0 0 250.0 200.0 0 422.0 200.0 1 457.0 200.0 0 538.0 201.0 0 579.0 215.0 1 546.0 276.0 0 443.0 339.0 0 398.0 489.0 1 383.0 541.0 0 376.0 593.0 0 376.0 640.0 1 376.0 684.0 0 381.0 737.0 0 403.0 779.0 1 486.0 941.0 0 660.0 1059.0 0 795.0 1059.0 1 876.0 1059.0 0 906.0 1039.0 0 948.0 1033.0 1 996.0 1026.0 0 1033.0 984.0 0 1033.0 934.0 1 1033.0 879.0 0 988.0 834.0 0 933.0 834.0 1 888.0 834.0 0 850.0 859.0 0 795.0 859.0 1 746.0 859.0 0 633.0 791.0 0 581.0 689.0 1 578.0 682.0 0 576.0 665.0 0 576.0 640.0 1 576.0 419.0 0 781.0 387.0 0 781.0 210.0 1 781.0 0.0 0 531.0 0.0 0 422.0 0.0 1 331.0 0.0 0 232.0 9.0 0 136.0 50.0 1 100.0 65.0 0 75.0 101.0 0 75.0 142.0 1 75.0 197.0 0 120.0 242.0 0 END ENDGLYPH
U+116 992 436.0 0.0 1 350.0 0.0 0 271.0 55.0 0 271.0 259.0 1 271.0 555.0 0 320.0 577.0 0 335.0 711.0 1 338.0 739.0 0 341.0 767.0 0 344.0 793.0 1 288.0 785.0 0 232.0 779.0 0 175.0 779.0 1 120.0 779.0 0 75.0 824.0 0 75.0 879.0 1 75.0 934.0 0 120.0 979.0 0 175.0 979.0 1 237.0 979.0 0 303.0 988.0 0 370.0 1000.0 1 388.0 1150.0 0 401.0 1278.0 0 401.0 1448.0 1 401.0 1479.0 0 401.0 1512.0 0 400.0 1546.0 1 400.0 1547.0 0 400.0 1548.0 0 400.0 1549.0 1 400.0 1604.0 0 445.0 1649.0 0 500.0 1649.0 1 554.0 1649.0 0 599.0 1606.0 0 600.0 1552.0 1 601.0 1516.0 0 601.0 1481.0 0 601.0 1448.0 1 601.0 1293.0 0 592.0 1169.0 0 577.0 1040.0 1 637.0 1051.0 0 693.0 1058.0 0 744.0 1058.0 1 784.0 1058.0 0 917.0 1058.0 0 917.0 950.0 1 917.0 895.0 0 872.0 850.0 0 817.0 850.0 1 792.0 850.0 0 788.0 858.0 0 744.0 858.0 1 691.0 858.0 0 625.0 846.0 0 551.0 831.0 1 545.0 786.0 0 539.0 738.0 0 533.0 687.0 1 514.0 526.0 0 471.0 529.0 0 471.0 259.0 1 471.0 258.0 0 471.0 257.0 0 471.0 256.0 1 534.0 368.0 0 559.0 400.0 0 616.0 400.0 1 671.0 400.0 0 716.0 355.0 0 716.0 300.0 1 716.0 278.0 0 710.0 258.0 0 698.0 242.0 1 639.0 159.0 0 620.0 92.0 0 564.0 45.0 1 533.0 19.0 0 492.0 0.0 0 END ENDGLYPH
U+117 979 316.0 0.0 1 175.0 0.0 0 75.0 163.0 0 75.0 368.0 1 75.0 532.0 0 120.0 672.0 0 120.0 841.0 1 120.0 896.0 0 113.0 958.0 0 113.0 959.0 1 113.0 1014.0 0 158.0 1059.0 0 213.0 1059.0 1 264.0 1059.0 0 307.0 1021.0 0 313.0 971.0 1 318.0 926.0 0 320.0 882.0 0 320.0 841.0 1 320.0 654.0 0 275.0 509.0 0 275.0 368.0 1 275.0 358.0 0 276.0 251.0 0 322.0 201.0 1 380.0 222.0 0 466.0 356.0 0 520.0 440.0 1 663.0 661.0 0 705.0 972.0 0 705.0 972.0 1 711.0 1021.0 0 753.0 1059.0 0 804.0 1059.0 1 859.0 1059.0 0 904.0 1014.0 0 904.0 959.0 1 904.0 955.0 0 889.0 758.0 0 855.0 559.0 1 824.0 380.0 0 811.0 303.0 0 811.0 131.0 1 811.0 114.0 0 811.0 101.0 0 811.0 100.0 1 811.0 45.0 0 766.0 0.0 0 711.0 0.0 1 656.0 0.0 0 611.0 44.0 0 611.0 99.0 1 611.0 110.0 0 611.0 121.0 0 611.0 131.0 1 611.0 162.0 0 612.0 191.0 0 613.0 218.0 1 528.0 97.0 0 432.0 0.0 0 END ENDGLYPH
U+118 936 75.0 959.0 1 75.0 1014.0 0 120.0 1059.0 0 175.0 1059.0 1 215.0 1059.0 0 250.0 1035.0 0 266.0 1001.0 1 358.0 801.0 0 382.0 685.0 0 430.0 454.0 1 437.0 422.0 0 437.0 422.0 0 450.0 287.0 1 452.0 292.0 0 524.0 476.0 0 609.0 786.0 1 625.0 844.0 0 642.0 908.0 0 665.0 987.0 1 677.0 1029.0 0 715.0 1059.0 0 761.0 1059.0 1 816.0 1059.0 0 861.0 1014.0 0 861.0 959.0 1 861.0 950.0 0 695.0 305.0 0 595.0 123.0 1 580.0 95.0 0 527.0 0.0 0 427.0 0.0 1 383.0 0.0 0 329.0 20.0 0 294.0 84.0 1 245.0 174.0 0 253.0 321.0 0 234.0 414.0 1 187.0 641.0 0 166.0 738.0 0 84.0 917.0 1 78.0 930.0 0 75.0 944.0 0 END ENDGLYPH
U+119 1600 75.0 959.0 1 75.0 1014.0 0 120.0 1059.0 0 175.0 1059.0 1 212.0 1059.0 0 245.0 1039.0 0 262.0 1009.0 1 444.0 693.0 0 377.0 539.0 0 451.0 286.0 1 453.0 281.0 0 462.0 254.0 0 489.0 221.0 1 501.0 233.0 0 542.0 275.0 0 594.0 348.0 1 694.0 487.0 0 723.0 768.0 0 867.0 768.0 1 978.0 768.0 0 1006.0 642.0 0 1066.0 364.0 1 1086.0 270.0 0 1086.0 270.0 0 1099.0 242.0 1 1151.0 349.0 0 1206.0 548.0 0 1267.0 767.0 1 1288.0 842.0 0 1308.0 917.0 0 1329.0 987.0 1 1341.0 1028.0 0 1380.0 1059.0 0 1425.0 1059.0 1 1480.0 1059.0 0 1525.0 1014.0 0 1525.0 959.0 1 1525.0 949.0 0 1525.0 949.0 0 1460.0 713.0 1 1328.0 238.0 0 1257.0 0.0 0 1101.0 0.0 1 972.0 0.0 0 903.0 173.0 0 887.0 243.0 1 887.0 245.0 0 853.0 402.0 0 850.0 413.0 1 809.0 317.0 0 782.0 268.0 0 756.0 232.0 1 709.0 166.0 0 590.0 0.0 0 485.0 0.0 1 388.0 0.0 0 287.0 136.0 0 259.0 230.0 1 177.0 513.0 0 247.0 632.0 0 88.0 909.0 1 80.0 924.0 0 75.0 941.0 0 END ENDGLYPH
U+120 1044 418.0 509.0 1 263.0 676.0 0 75.0 883.0 0 75.0 959.0 1 75.0 1014.0 0 120.0 1059.0 0 175.0 1059.0 1 211.0 1059.0 0 241.0 1041.0 0 259.0 1013.0 1 335.0 894.0 0 438.0 782.0 0 543.0 669.0 1 619.0 772.0 0 696.0 882.0 0 786.0 1015.0 1 804.0 1041.0 0 835.0 1059.0 0 869.0 1059.0 1 924.0 1059.0 0 969.0 1014.0 0 969.0 959.0 1 969.0 938.0 0 963.0 919.0 0 952.0 903.0 1 853.0 757.0 0 768.0 635.0 0 680.0 519.0 1 784.0 402.0 0 879.0 279.0 0 940.0 141.0 1 946.0 129.0 0 949.0 114.0 0 949.0 100.0 1 949.0 45.0 0 904.0 0.0 0 849.0 0.0 1 808.0 0.0 0 774.0 24.0 0 758.0 59.0 1 711.0 164.0 0 638.0 263.0 0 554.0 360.0 1 466.0 255.0 0 367.0 149.0 0 245.0 29.0 1 227.0 11.0 0 202.0 0.0 0 175.0 0.0 1 120.0 0.0 0 75.0 45.0 0 75.0 100.0 1 75.0 128.0 0 87.0 153.0 0 105.0 171.0 1 232.0 296.0 0 330.0 402.0 0 END ENDGLYPH
U+121 1303 657.0 432.0 1 657.0 397.0 0 678.0 200.0 0 738.0 200.0 1 797.0 200.0 0 833.0 230.0 0 899.0 369.0 1 972.0 522.0 0 997.0 711.0 0 1029.0 964.0 1 1035.0 1013.0 0 1077.0 1051.0 0 1128.0 1051.0 1 1183.0 1051.0 0 1228.0 1006.0 0 1228.0 951.0 1 1228.0 884.0 0 1136.0 329.0 0 1083.0 -93.0 1 1065.0 -236.0 0 975.0 -706.0 0 568.0 -706.0 1 308.0 -706.0 0 193.0 -529.0 0 91.0 -373.0 1 81.0 -357.0 0 75.0 -339.0 0 75.0 -319.0 1 75.0 -264.0 0 120.0 -219.0 0 175.0 -219.0 1 210.0 -219.0 0 241.0 -238.0 0 259.0 -265.0 1 353.0 -409.0 0 416.0 -506.0 0 568.0 -506.0 1 631.0 -506.0 0 723.0 -486.0 0 798.0 -355.0 1 861.0 -244.0 0 873.0 -154.0 0 899.0 45.0 1 875.0 30.0 0 821.0 0.0 0 738.0 0.0 1 457.0 0.0 0 457.0 427.0 0 457.0 432.0 1 457.0 574.0 0 503.0 720.0 0 517.0 965.0 1 520.0 1018.0 0 564.0 1059.0 0 617.0 1059.0 1 672.0 1059.0 0 717.0 1014.0 0 717.0 959.0 1 717.0 829.0 0 657.0 526.0 0 END ENDGLYPH
U+122 1109 812.0 1059.0 1 894.0 1059.0 0 940.0 999.0 0 940.0 935.0 1 940.0 853.0 0 866.0 754.0 0 726.0 573.0 1 687.0 523.0 0 650.0 475.0 0 624.0 438.0 1 568.0 359.0 0 491.0 277.0 0 423.0 207.0 1 593.0 219.0 0 735.0 250.0 0 909.0 294.0 1 917.0 296.0 0 925.0 297.0 0 934.0 297.0 1 989.0 297.0 0 1034.0 252.0 0 1034.0 197.0 1 1034.0 150.0 0 1002.0 111.0 0 959.0 100.0 1 673.0 27.0 0 496.0 0.0 0 202.0 0.0 1 141.0 0.0 0 96.0 49.0 0 96.0 105.0 1 96.0 161.0 0 130.0 195.0 0 238.0 305.0 1 314.0 382.0 0 408.0 478.0 0 460.0 552.0 1 521.0 638.0 0 622.0 760.0 0 687.0 853.0 1 364.0 826.0 0 221.0 736.0 0 175.0 736.0 1 120.0 736.0 0 75.0 781.0 0 75.0 836.0 1 75.0 877.0 0 100.0 913.0 0 136.0 928.0 1 196.0 954.0 0 465.0 1059.0 0 END ENDGLYPH
U+123 1076 497.0 -371.0 1 497.0 -445.0 0 497.0 -506.0 0 648.0 -506.0 1 662.0 -506.0 0 757.0 -504.0 0 833.0 -434.0 1 851.0 -418.0 0 875.0 -407.0 0 901.0 -407.0 1 956.0 -407.0 0 1001.0 -452.0 0 1001.0 -507.0 1 1001.0 -603.0 0 812.0 -706.0 0 648.0 -706.0 1 561.0 -706.0 0 329.0 -684.0 0 302.0 -450.0 1 299.0 -423.0 0 297.0 -397.0 0 297.0 -371.0 1 297.0 -201.0 0 352.0 -40.0 0 352.0 142.0 1 352.0 197.0 0 347.0 255.0 0 334.0 315.0 1 299.0 341.0 0 207.0 365.0 0 160.0 372.0 1 112.0 379.0 0 75.0 421.0 0 75.0 471.0 1 75.0 520.0 0 111.0 562.0 0 158.0 570.0 1 197.0 576.0 0 296.0 601.0 0 335.0 633.0 1 335.0 637.0 0 325.0 933.0 0 325.0 1026.0 1 325.0 1446.0 0 380.0 1524.0 0 429.0 1580.0 1 460.0 1615.0 0 508.0 1649.0 0 572.0 1649.0 1 692.0 1649.0 0 772.0 1629.0 0 874.0 1622.0 1 926.0 1618.0 0 967.0 1575.0 0 967.0 1522.0 1 967.0 1467.0 0 922.0 1422.0 0 867.0 1422.0 1 814.0 1422.0 0 687.0 1448.0 0 580.0 1449.0 1 542.0 1407.0 0 525.0 1265.0 0 525.0 1026.0 1 525.0 881.0 0 535.0 693.0 0 535.0 620.0 1 535.0 582.0 0 521.0 525.0 0 455.0 474.0 1 482.0 453.0 0 514.0 421.0 0 526.0 371.0 1 545.0 291.0 0 552.0 214.0 0 552.0 142.0 1 552.0 -60.0 0 497.0 -227.0 0 END ENDGLYPH
U+124 517 342.0 1649.0 1 397.0 1649.0 0 442.0 1604.0 0 442.0 1549.0 1 442.0 1545.0 0 442.0 1540.0 0 441.0 1536.0 1 371.0 982.0 0 349.0 594.0 0 324.0 153.0 1 311.0 -78.0 0 297.0 -324.0 0 275.0 -614.0 1 271.0 -666.0 0 228.0 -706.0 0 175.0 -706.0 1 120.0 -706.0 0 75.0 -661.0 0 75.0 -606.0 1 75.0 -598.0 0 90.0 -440.0 0 124.0 164.0 1 149.0 605.0 0 172.0 1002.0 0 243.0 1562.0 1 249.0 1611.0 0 291.0 1649.0 0 END ENDGLYPH
U+125 1076 579.0 1314.0 1 579.0 1388.0 0 579.0 1449.0 0 428.0 1449.0 1 414.0 1449.0 0 319.0 1447.0 0 243.0 1377.0 1 225.0 1361.0 0 201.0 1350.0 0 175.0 1350.0 1 120.0 1350.0 0 75.0 1395.0 0 75.0 1450.0 1 75.0 1546.0 0 264.0 1649.0 0 428.0 1649.0 1 515.0 1649.0 0 747.0 1627.0 0 774.0 1393.0 1 777.0 1366.0 0 779.0 1340.0 0 779.0 1314.0 1 779.0 1144.0 0 724.0 983.0 0 724.0 801.0 1 724.0 746.0 0 729.0 688.0 0 742.0 628.0 1 777.0 602.0 0 869.0 578.0 0 916.0 571.0 1 964.0 564.0 0 1001.0 522.0 0 1001.0 472.0 1 1001.0 423.0 0 965.0 381.0 0 918.0 373.0 1 879.0 367.0 0 780.0 342.0 0 741.0 310.0 1 741.0 306.0 0 751.0 10.0 0 751.0 -83.0 1 751.0 -503.0 0 696.0 -581.0 0 647.0 -637.0 1 616.0 -672.0 0 568.0 -706.0 0 504.0 -706.0 1 384.0 -706.0 0 304.0 -686.0 0 202.0 -679.0 1 150.0 -675.0 0 109.0 -632.0 0 109.0 -579.0 1 109.0 -524.0 0 154.0 -479.0 0 209.0 -479.0 1 262.0 -479.0 0 389.0 -505.0 0 496.0 -506.0 1 534.0 -464.0 0 551.0 -322.0 0 551.0 -83.0 1 551.0 62.0 0 541.0 250.0 0 541.0 323.0 1 541.0 361.0 0 555.0 418.0 0 621.0 469.0 1 594.0 490.0 0 562.0 522.0 0 550.0 572.0 1 531.0 652.0 0 524.0 729.0 0 524.0 801.0 1 524.0 1003.0 0 579.0 1170.0 0 END ENDGLYPH
U+126 1036 680.0 360.0 1 551.0 360.0 0 504.0 496.0 0 441.0 496.0 1 418.0 496.0 0 361.0 481.0 0 240.0 377.0 1 222.0 362.0 0 200.0 353.0 0 175.0 353.0 1 120.0 353.0 0 75.0 398.0 0 75.0 453.0 1 75.0 483.0 0 89.0 511.0 0 110.0 529.0 1 234.0 636.0 0 338.0 696.0 0 441.0 696.0 1 555.0 696.0 0 623.0 623.0 0 658.0 588.0 1 671.0 575.0 0 679.0 567.0 0 685.0 562.0 1 719.0 596.0 0 760.0 753.0 0 861.0 753.0 1 916.0 753.0 0 961.0 708.0 0 961.0 653.0 1 961.0 627.0 0 951.0 603.0 0 934.0 585.0 1 887.0 535.0 0 867.0 417.0 0 754.0 374.0 1 744.0 370.0 0 715.0 360.0 0 END ENDGLYPH
EXTRACTIONCOMPLETE
