33 33 0
33 34 -123
33 35 -122
33 36 -2
33 37 -121
33 38 0
33 39 -123
33 40 -2
33 41 -123
33 42 -123
33 43 -36
33 44 -35
33 45 -49
33 46 0
33 47 -509
33 48 -57
33 49 -9
33 50 -52
33 51 -34
33 52 -122
33 53 -8
33 54 -132
33 55 -123
33 56 -1
33 57 -122
33 58 0
33 59 -67
33 60 -54
33 61 0
33 62 -34
33 63 0
33 64 -2
33 65 -34
33 66 -34
33 67 -22
33 68 -22
33 69 -10
33 70 0
33 71 -38
33 72 -3
33 73 0
33 74 -23
33 75 0
33 76 -1
33 77 -31
33 78 -4
33 79 -93
33 80 0
33 81 -39
33 82 -7
33 83 -7
33 84 -123
33 85 -15
33 86 -123
33 87 -123
33 88 -13
33 89 -123
33 90 -25
33 91 -118
33 92 -123
33 93 -397
33 94 -130
33 95 0
33 96 -123
33 97 -1
33 98 -16
33 99 0
33 100 0
33 101 -73
33 102 -124
33 103 -217
33 104 -7
33 105 -62
33 106 -717
33 107 -20
33 108 -3
33 109 -19
33 110 -31
33 111 -12
33 112 -62
33 113 -1
33 114 -34
33 115 -21
33 116 -123
33 117 -3
33 118 -121
33 119 -121
33 120 -35
33 121 -392
33 122 -53
33 123 -33
33 124 -55
33 125 -123
33 126 -26
34 33 -121
34 34 -51
34 35 -247
34 36 -474
34 37 -193
34 38 -253
34 39 -51
34 40 -223
34 41 0
34 42 -26
34 43 0
34 44 0
34 45 0
34 46 0
34 47 -919
34 48 -199
34 49 -109
34 50 -121
34 51 -181
34 52 -69
34 53 -226
34 54 -331
34 55 0
34 56 -64
34 57 -128
34 58 0
34 59 0
34 60 0
34 61 0
34 62 0
34 63 -74
34 64 -386
34 65 -555
34 66 -258
34 67 -311
34 68 -98
34 69 -84
34 70 -105
34 71 -336
34 72 -134
34 73 -160
34 74 -683
34 75 -76
34 76 -138
34 77 -306
34 78 -88
34 79 -243
34 80 -46
34 81 -317
34 82 -142
34 83 -283
34 84 -23
34 85 -75
34 86 0
34 87 0
34 88 -162
34 89 0
34 90 -87
34 91 -251
34 92 0
34 93 -274
34 94 -393
34 95 0
34 96 0
34 97 0
34 98 -74
34 99 0
34 100 -711
34 101 0
34 102 -397
34 103 0
34 104 -93
34 105 0
34 106 -605
34 107 -103
34 108 -61
34 109 0
34 110 0
34 111 0
34 112 0
34 113 0
34 114 0
34 115 0
34 116 -325
34 117 0
34 118 0
34 119 0
34 120 0
34 121 0
34 122 0
34 123 -297
34 124 -162
34 125 -9
34 126 0
35 33 -123
35 34 -142
35 35 -4
35 36 -128
35 37 -1
35 38 -108
35 39 -142
35 40 -18
35 41 -218
35 42 -99
35 43 -42
35 44 -306
35 45 -33
35 46 -219
35 47 -683
35 48 -15
35 49 -41
35 50 -52
35 51 -366
35 52 -5
35 53 -368
35 54 -14
35 55 -218
35 56 -96
35 57 -15
35 58 -2
35 59 -2
35 60 -27
35 61 -38
35 62 -39
35 63 -132
35 64 -31
35 65 -196
35 66 -217
35 67 -18
35 68 -87
35 69 -81
35 70 -47
35 71 -14
35 72 -28
35 73 -156
35 74 -56
35 75 -36
35 76 -53
35 77 -124
35 78 -48
35 79 -16
35 80 -25
35 81 -14
35 82 -60
35 83 -205
35 84 -222
35 85 -12
35 86 -51
35 87 -139
35 88 -181
35 89 -218
35 90 -219
35 91 -190
35 92 -181
35 93 -492
35 94 -23
35 95 0
35 96 -218
35 97 -77
35 98 -49
35 99 -62
35 100 -69
35 101 -18
35 102 -17
35 103 -247
35 104 -53
35 105 -114
35 106 -765
35 107 -75
35 108 -18
35 109 -112
35 110 -139
35 111 -26
35 112 -102
35 113 -112
35 114 -127
35 115 -315
35 116 -12
35 117 -39
35 118 -1
35 119 -1
35 120 -1
35 121 -415
35 122 -24
35 123 -46
35 124 -92
35 125 -220
35 126 -53
36 33 -49
36 34 -7
36 35 -31
36 36 -30
36 37 -58
36 38 -41
36 39 -7
36 40 -1
36 41 -71
36 42 -8
36 43 -2
36 44 -168
36 45 0
36 46 -49
36 47 -613
36 48 -14
36 49 -21
36 50 -12
36 51 -197
36 52 -51
36 53 -101
36 54 -11
36 55 -71
36 56 -38
36 57 -22
36 58 -49
36 59 -140
36 60 0
36 61 -40
36 62 -194
36 63 -49
36 64 -5
36 65 -124
36 66 -179
36 67 0
36 68 -56
36 69 -45
36 70 -15
36 71 -3
36 72 -4
36 73 -51
36 74 -6
36 75 -11
36 76 -17
36 77 -82
36 78 -21
36 79 -13
36 80 -5
36 81 -3
36 82 -30
36 83 -99
36 84 -14
36 85 -2
36 86 -28
36 87 -57
36 88 -82
36 89 -71
36 90 -119
36 91 -156
36 92 -63
36 93 -346
36 94 -34
36 95 0
36 96 -71
36 97 -32
36 98 -28
36 99 -21
36 100 -22
36 101 -1
36 102 -80
36 103 -217
36 104 -27
36 105 -64
36 106 -669
36 107 -48
36 108 -1
36 109 -70
36 110 -102
36 111 -3
36 112 -82
36 113 -44
36 114 -108
36 115 -156
36 116 -94
36 117 -9
36 118 -116
36 119 -126
36 120 -146
36 121 -386
36 122 -70
36 123 -3
36 124 -70
36 125 -28
36 126 -5
37 33 -51
37 34 -207
37 35 -29
37 36 -35
37 37 -210
37 38 -46
37 39 -207
37 40 -1
37 41 -156
37 42 -183
37 43 -5
37 44 -138
37 45 -2
37 46 -51
37 47 -614
37 48 -11
37 49 -23
37 50 -155
37 51 -138
37 52 -98
37 53 -88
37 54 -6
37 55 -156
37 56 -50
37 57 -263
37 58 -51
37 59 -130
37 60 -1
37 61 -34
37 62 -138
37 63 -51
37 64 -7
37 65 -124
37 66 -137
37 67 0
37 68 -60
37 69 -49
37 70 -19
37 71 -2
37 72 -6
37 73 -53
37 74 -10
37 75 -14
37 76 -21
37 77 -87
37 78 -24
37 79 -9
37 80 -6
37 81 -1
37 82 -33
37 83 -87
37 84 -180
37 85 -1
37 86 -146
37 87 -156
37 88 -82
37 89 -156
37 90 -113
37 91 -161
37 92 -156
37 93 -430
37 94 -26
37 95 0
37 96 -156
37 97 -37
37 98 -30
37 99 -25
37 100 -27
37 101 0
37 102 -69
37 103 -220
37 104 -30
37 105 -113
37 106 -761
37 107 -51
37 108 -1
37 109 -75
37 110 -107
37 111 -5
37 112 -84
37 113 -48
37 114 -113
37 115 -114
37 116 -83
37 117 -12
37 118 -107
37 119 -118
37 120 -136
37 121 -389
37 122 -59
37 123 -6
37 124 -72
37 125 -166
37 126 -9
38 33 -112
38 34 -410
38 35 -29
38 36 -71
38 37 -258
38 38 -72
38 39 -410
38 40 -2
38 41 -379
38 42 -409
38 43 -13
38 44 -152
38 45 -7
38 46 -112
38 47 -535
38 48 -9
38 49 -25
38 50 -170
38 51 -152
38 52 -104
38 53 -161
38 54 -3
38 55 -420
38 56 -69
38 57 -440
38 58 -112
38 59 -138
38 60 -4
38 61 -30
38 62 -152
38 63 -112
38 64 -11
38 65 -152
38 66 -152
38 67 -1
38 68 -66
38 69 -57
38 70 -25
38 71 -1
38 72 -9
38 73 -98
38 74 -24
38 75 -17
38 76 -29
38 77 -99
38 78 -28
38 79 -6
38 80 -8
38 81 0
38 82 -39
38 83 -162
38 84 -343
38 85 -1
38 86 -142
38 87 -183
38 88 -132
38 89 -385
38 90 -152
38 91 -168
38 92 -366
38 93 -694
38 94 -22
38 95 0
38 96 -420
38 97 -50
38 98 -32
38 99 -35
38 100 -40
38 101 0
38 102 -68
38 103 -225
38 104 -34
38 105 -125
38 106 -803
38 107 -56
38 108 -2
38 109 -88
38 110 -127
38 111 -8
38 112 -86
38 113 -75
38 114 -134
38 115 -153
38 116 -84
38 117 -18
38 118 -103
38 119 -114
38 120 -139
38 121 -393
38 122 -57
38 123 -16
38 124 -74
38 125 -410
38 126 -21
39 33 -121
39 34 -51
39 35 -247
39 36 -474
39 37 -193
39 38 -253
39 39 -51
39 40 -223
39 41 0
39 42 -26
39 43 0
39 44 0
39 45 0
39 46 0
39 47 -779
39 48 -199
39 49 -109
39 50 -121
39 51 -181
39 52 -69
39 53 -226
39 54 -331
39 55 0
39 56 -64
39 57 -128
39 58 0
39 59 0
39 60 0
39 61 0
39 62 0
39 63 -74
39 64 -386
39 65 -555
39 66 -258
39 67 -311
39 68 -98
39 69 -84
39 70 -105
39 71 -336
39 72 -134
39 73 -160
39 74 -616
39 75 -76
39 76 -138
39 77 -306
39 78 -88
39 79 -243
39 80 -46
39 81 -317
39 82 -142
39 83 -283
39 84 -23
39 85 -75
39 86 0
39 87 0
39 88 -162
39 89 0
39 90 -87
39 91 -251
39 92 0
39 93 -274
39 94 -393
39 95 0
39 96 0
39 97 0
39 98 -74
39 99 0
39 100 -627
39 101 0
39 102 -397
39 103 0
39 104 -93
39 105 0
39 106 -605
39 107 -103
39 108 -61
39 109 0
39 110 0
39 111 0
39 112 0
39 113 0
39 114 0
39 115 0
39 116 -325
39 117 0
39 118 0
39 119 0
39 120 0
39 121 0
39 122 0
39 123 -297
39 124 -162
39 125 -9
39 126 0
40 33 -140
40 34 -70
40 35 -266
40 36 -379
40 37 -214
40 38 -274
40 39 -70
40 40 -217
40 41 -19
40 42 -46
40 43 -381
40 44 -339
40 45 -380
40 46 -376
40 47 0
40 48 -219
40 49 -128
40 50 -149
40 51 -201
40 52 -88
40 53 -246
40 54 -351
40 55 -19
40 56 -84
40 57 -148
40 58 -340
40 59 -340
40 60 -380
40 61 -377
40 62 -339
40 63 -94
40 64 -293
40 65 -339
40 66 -277
40 67 -335
40 68 -117
40 69 -103
40 70 -124
40 71 -365
40 72 -153
40 73 -179
40 74 -381
40 75 -95
40 76 -157
40 77 -327
40 78 -107
40 79 -262
40 80 -65
40 81 -339
40 82 -161
40 83 -303
40 84 -43
40 85 -95
40 86 -19
40 87 -19
40 88 -181
40 89 -19
40 90 -106
40 91 -2
40 92 -19
40 93 -4
40 94 -372
40 95 -273
40 96 -19
40 97 -360
40 98 -93
40 99 -372
40 100 -374
40 101 -379
40 102 -364
40 103 -58
40 104 -112
40 105 -19
40 106 -24
40 107 -122
40 108 -80
40 109 -339
40 110 -341
40 111 -381
40 112 -2
40 113 -365
40 114 -340
40 115 -348
40 116 -344
40 117 -375
40 118 -337
40 119 -337
40 120 -337
40 121 -89
40 122 -361
40 123 -250
40 124 0
40 125 -29
40 126 -381
41 33 -4
41 34 -129
41 35 -30
41 36 -3
41 37 -58
41 38 -5
41 39 -129
41 40 0
41 41 -219
41 42 -130
41 43 0
41 44 -13
41 45 0
41 46 -4
41 47 -223
41 48 -8
41 49 -12
41 50 -31
41 51 -13
41 52 -33
41 53 -8
41 54 -3
41 55 -219
41 56 -5
41 57 -76
41 58 -4
41 59 -42
41 60 0
41 61 -4
41 62 -13
41 63 -4
41 64 -1
41 65 -13
41 66 -13
41 67 0
41 68 -13
41 69 -11
41 70 -4
41 71 -2
41 72 -1
41 73 -5
41 74 0
41 75 -4
41 76 -3
41 77 -13
41 78 -8
41 79 -5
41 80 -2
41 81 -2
41 82 -10
41 83 -7
41 84 -151
41 85 -2
41 86 -106
41 87 -184
41 88 -11
41 89 -218
41 90 -11
41 91 -98
41 92 -208
41 93 -180
41 94 -9
41 95 -39
41 96 -218
41 97 -5
41 98 -13
41 99 -4
41 100 -3
41 101 -1
41 102 -23
41 103 -107
41 104 -11
41 105 -61
41 106 -128
41 107 -13
41 108 0
41 109 -13
41 110 -13
41 111 0
41 112 -56
41 113 -6
41 114 -13
41 115 -10
41 116 -28
41 117 -2
41 118 -44
41 119 -44
41 120 -13
41 121 -90
41 122 -20
41 123 0
41 124 -58
41 125 -172
41 126 0
42 33 -121
42 34 -1
42 35 -145
42 36 -313
42 37 -61
42 38 -218
42 39 -1
42 40 -110
42 41 -27
42 42 0
42 43 -502
42 44 0
42 45 0
42 46 0
42 47 -934
42 48 -105
42 49 -102
42 50 -12
42 51 -176
42 52 -51
42 53 -224
42 54 -248
42 55 -27
42 56 -32
42 57 -25
42 58 -124
42 59 -124
42 60 -546
42 61 -408
42 62 -156
42 63 -55
42 64 -217
42 65 -469
42 66 -286
42 67 -164
42 68 -117
42 69 -111
42 70 -114
42 71 -183
42 72 -117
42 73 -177
42 74 -613
42 75 -81
42 76 -143
42 77 -257
42 78 -99
42 79 -122
42 80 -50
42 81 -168
42 82 -134
42 83 -215
42 84 -1
42 85 -48
42 86 -17
42 87 -27
42 88 -189
42 89 -27
42 90 -102
42 91 -243
42 92 -26
42 93 -301
42 94 -219
42 95 0
42 96 -27
42 97 -357
42 98 -72
42 99 -401
42 100 -459
42 101 -385
42 102 -201
42 103 -590
42 104 -98
42 105 -24
42 106 -629
42 107 -114
42 108 -46
42 109 -240
42 110 -256
42 111 -269
42 112 -222
42 113 -541
42 114 -244
42 115 -612
42 116 -180
42 117 -156
42 118 -118
42 119 -118
42 120 -118
42 121 -559
42 122 -221
42 123 -263
42 124 -139
42 125 -6
42 126 -610
43 33 -115
43 34 0
43 35 -29
43 36 -80
43 37 -222
43 38 -77
43 39 0
43 40 -3
43 41 -378
43 42 -470
43 43 -17
43 44 -248
43 45 -10
43 46 -127
43 47 -654
43 48 -7
43 49 -25
43 50 -325
43 51 -433
43 52 -91
43 53 -314
43 54 -2
43 55 -545
43 56 -73
43 57 -289
43 58 -125
43 59 -125
43 60 -6
43 61 -28
43 62 -199
43 63 -123
43 64 -13
43 65 -166
43 66 -195
43 67 -2
43 68 -68
43 69 -60
43 70 -27
43 71 0
43 72 -11
43 73 -109
43 74 -27
43 75 -19
43 76 -32
43 77 -102
43 78 -30
43 79 -4
43 80 -9
43 81 0
43 82 -41
43 83 -309
43 84 -346
43 85 0
43 86 -138
43 87 -182
43 88 -140
43 89 -387
43 90 -182
43 91 -171
43 92 -360
43 93 -728
43 94 -18
43 95 0
43 96 0
43 97 -53
43 98 -32
43 99 -38
43 100 -44
43 101 -1
43 102 -60
43 103 -227
43 104 -35
43 105 -128
43 106 -803
43 107 -57
43 108 -2
43 109 -91
43 110 -130
43 111 -9
43 112 -87
43 113 -80
43 114 -137
43 115 -301
43 116 -73
43 117 -20
43 118 -99
43 119 -110
43 120 -126
43 121 -395
43 122 -50
43 123 -19
43 124 -75
43 125 -461
43 126 -25
44 33 -1
44 34 0
44 35 -104
44 36 0
44 37 -206
44 38 -2
44 39 0
44 40 -1
44 41 -378
44 42 0
44 43 -24
44 44 -52
44 45 0
44 46 -1
44 47 -533
44 48 -49
44 49 -10
44 50 -69
44 51 -52
44 52 -355
44 53 -15
44 54 -125
44 55 -521
44 56 -4
44 57 -507
44 58 -1
44 59 -84
44 60 -39
44 61 0
44 62 -52
44 63 -1
44 64 -1
44 65 -48
44 66 -52
44 67 -15
44 68 -27
44 69 -14
44 70 0
44 71 -30
44 72 -1
44 73 -2
44 74 -14
44 75 -1
44 76 0
44 77 -38
44 78 -6
44 79 -78
44 80 0
44 81 -31
44 82 -9
44 83 -14
44 84 -300
44 85 -13
44 86 -217
44 87 -207
44 88 -19
44 89 -367
44 90 -36
44 91 -123
44 92 -486
44 93 -682
44 94 0
44 95 0
44 96 0
44 97 -2
44 98 -18
44 99 0
44 100 0
44 101 -67
44 102 -177
44 103 -214
44 104 -10
44 105 -67
44 106 -682
44 107 -23
44 108 -2
44 109 -26
44 110 -41
44 111 -7
44 112 -65
44 113 -3
44 114 -45
44 115 -33
44 116 -197
44 117 -1
44 118 -168
44 119 -154
44 120 -52
44 121 -388
44 122 -69
44 123 -21
44 124 -57
44 125 -466
44 126 0
45 33 -55
45 34 0
45 35 -33
45 36 -34
45 37 -313
45 38 -43
45 39 0
45 40 -1
45 41 -381
45 42 0
45 43 -2
45 44 0
45 45 0
45 46 0
45 47 -618
45 48 -17
45 49 -21
45 50 -246
45 51 -706
45 52 -240
45 53 -138
45 54 -18
45 55 -534
45 56 -46
45 57 -531
45 58 -55
45 59 -216
45 60 0
45 61 -49
45 62 -263
45 63 -55
45 64 -4
45 65 -129
45 66 -179
45 67 0
45 68 -55
45 69 -44
45 70 -15
45 71 -4
45 72 -4
45 73 -55
45 74 -6
45 75 -11
45 76 -17
45 77 -82
45 78 -21
45 79 -18
45 80 -5
45 81 -4
45 82 -29
45 83 -134
45 84 -331
45 85 -3
45 86 -167
45 87 -186
45 88 -88
45 89 -380
45 90 -127
45 91 -156
45 92 -402
45 93 -712
45 94 0
45 95 0
45 96 0
45 97 -32
45 98 -28
45 99 -20
45 100 -22
45 101 -3
45 102 -148
45 103 -217
45 104 -27
45 105 -108
45 106 -805
45 107 -47
45 108 -1
45 109 -70
45 110 -105
45 111 -3
45 112 -82
45 113 -46
45 114 -111
45 115 -308
45 116 -200
45 117 -8
45 118 -125
45 119 -130
45 120 -201
45 121 -386
45 122 -119
45 123 -3
45 124 -69
45 125 -475
45 126 -5
46 33 0
46 34 0
46 35 -131
46 36 -2
46 37 -189
46 38 0
46 39 0
46 40 -2
46 41 -376
46 42 0
46 43 -36
46 44 -35
46 45 0
46 46 0
46 47 -509
46 48 -57
46 49 -9
46 50 -52
46 51 -34
46 52 -351
46 53 -8
46 54 -132
46 55 -520
46 56 -1
46 57 -507
46 58 0
46 59 -67
46 60 -54
46 61 0
46 62 -34
46 63 0
46 64 -2
46 65 -34
46 66 -34
46 67 -22
46 68 -22
46 69 -10
46 70 0
46 71 -38
46 72 -3
46 73 0
46 74 -23
46 75 0
46 76 -1
46 77 -31
46 78 -4
46 79 -93
46 80 0
46 81 -39
46 82 -7
46 83 -7
46 84 -297
46 85 -15
46 86 -224
46 87 -213
46 88 -13
46 89 -366
46 90 -25
46 91 -118
46 92 -500
46 93 -678
46 94 0
46 95 0
46 96 0
46 97 -1
46 98 -16
46 99 0
46 100 0
46 101 -73
46 102 -173
46 103 -217
46 104 -7
46 105 -62
46 106 -717
46 107 -20
46 108 -3
46 109 -19
46 110 -31
46 111 -12
46 112 -62
46 113 -1
46 114 -34
46 115 -21
46 116 -196
46 117 -3
46 118 -172
46 119 -160
46 120 -35
46 121 -392
46 122 -53
46 123 -33
46 124 -55
46 125 -466
46 126 0
47 33 -121
47 34 -51
47 35 -236
47 36 -426
47 37 -172
47 38 -254
47 39 -51
47 40 -215
47 41 0
47 42 -27
47 43 -415
47 44 -564
47 45 -403
47 46 -489
47 47 -978
47 48 -199
47 49 -109
47 50 -103
47 51 -182
47 52 -69
47 53 -227
47 54 -331
47 55 0
47 56 -65
47 57 -119
47 58 -225
47 59 -225
47 60 -393
47 61 -356
47 62 -259
47 63 -75
47 64 -326
47 65 -556
47 66 -258
47 67 -277
47 68 -98
47 69 -84
47 70 -105
47 71 -291
47 72 -134
47 73 -160
47 74 -429
47 75 -76
47 76 -138
47 77 -307
47 78 -88
47 79 -231
47 80 -46
47 81 -280
47 82 -142
47 83 -283
47 84 -24
47 85 -76
47 86 0
47 87 0
47 88 -162
47 89 0
47 90 -87
47 91 -252
47 92 0
47 93 -274
47 94 -308
47 95 -670
47 96 0
47 97 -420
47 98 -74
47 99 -424
47 100 -437
47 101 -375
47 102 -263
47 103 -595
47 104 -93
47 105 0
47 106 -605
47 107 -103
47 108 -61
47 109 -343
47 110 -359
47 111 -330
47 112 -325
47 113 -480
47 114 -347
47 115 -547
47 116 -255
47 117 -259
47 118 -221
47 119 -221
47 120 -221
47 121 -663
47 122 -272
47 123 -298
47 124 -163
47 125 -10
47 126 -426
48 33 -122
48 34 -4
48 35 -26
48 36 -158
48 37 -10
48 38 -169
48 39 -4
48 40 -45
48 41 -44
48 42 -5
48 43 -117
48 44 -245
48 45 -110
48 46 -175
48 47 -714
48 48 -37
48 49 -81
48 50 0
48 51 -189
48 52 -25
48 53 -207
48 54 -74
48 55 -44
48 56 -35
48 57 -2
48 58 -22
48 59 -22
48 60 -103
48 61 -91
48 62 -59
48 63 -66
48 64 -98
48 65 -242
48 66 -245
48 67 -71
48 68 -126
48 69 -124
48 70 -106
48 71 -62
48 72 -83
48 73 -176
48 74 -127
48 75 -76
48 76 -126
48 77 -198
48 78 -92
48 79 -47
48 80 -47
48 81 -62
48 82 -115
48 83 -198
48 84 -11
48 85 -28
48 86 -26
48 87 -44
48 88 -205
48 89 -44
48 90 -119
48 91 -235
48 92 -43
48 93 -318
48 94 -57
48 95 0
48 96 -44
48 97 -154
48 98 -72
48 99 -139
48 100 -145
48 101 -91
48 102 -36
48 103 -321
48 104 -89
48 105 -41
48 106 -646
48 107 -108
48 108 -34
48 109 -143
48 110 -159
48 111 -84
48 112 -124
48 113 -172
48 114 -147
48 115 -227
48 116 -33
48 117 -59
48 118 -21
48 119 -21
48 120 -21
48 121 -462
48 122 -39
48 123 -120
48 124 -121
48 125 -20
48 126 -125
49 33 -99
49 34 -6
49 35 -48
49 36 -96
49 37 -32
49 38 -99
49 39 -6
49 40 -68
49 41 0
49 42 -4
49 43 -89
49 44 -108
49 45 -87
49 46 -99
49 47 -493
49 48 -60
49 49 -104
49 50 -13
49 51 -108
49 52 -47
49 53 -103
49 54 -79
49 55 0
49 56 -37
49 57 -19
49 58 -45
49 59 -45
49 60 -86
49 61 -98
49 62 -81
49 63 -57
49 64 -91
49 65 -108
49 66 -108
49 67 -85
49 68 -98
49 69 -84
49 70 -97
49 71 -78
49 72 -91
49 73 -100
49 74 -91
49 75 -76
49 76 -96
49 77 -108
49 78 -88
49 79 -69
49 80 -46
49 81 -79
49 82 -106
49 83 -103
49 84 -3
49 85 -48
49 86 0
49 87 0
49 88 -107
49 89 0
49 90 -86
49 91 -198
49 92 0
49 93 -274
49 94 -72
49 95 0
49 96 0
49 97 -100
49 98 -73
49 99 -98
49 100 -97
49 101 -84
49 102 -57
49 103 -304
49 104 -93
49 105 0
49 106 -605
49 107 -103
49 108 -51
49 109 -108
49 110 -108
49 111 -90
49 112 -147
49 113 -101
49 114 -108
49 115 -106
49 116 -55
49 117 -81
49 118 -43
49 119 -43
49 120 -43
49 121 -473
49 122 -61
49 123 -89
49 124 -141
49 125 -1
49 126 -90
50 33 -22
50 34 -79
50 35 -140
50 36 -40
50 37 -107
50 38 -10
50 39 -79
50 40 -15
50 41 -104
50 42 -79
50 43 -165
50 44 -1
50 45 -388
50 46 -22
50 47 -410
50 48 -101
50 49 -1
50 50 -19
50 51 -1
50 52 -123
50 53 -3
50 54 -176
50 55 -104
50 56 -8
50 57 -94
50 58 -22
50 59 -33
50 60 -182
50 61 -27
50 62 -1
50 63 -22
50 64 -14
50 65 -1
50 66 -1
50 67 -71
50 68 -2
50 69 0
50 70 -5
50 71 -88
50 72 -25
50 73 -14
50 74 -110
50 75 -11
50 76 -20
50 77 -2
50 78 0
50 79 -159
50 80 -2
50 81 -88
50 82 0
50 83 -3
50 84 -80
50 85 -31
50 86 -96
50 87 -104
50 88 0
50 89 -104
50 90 0
50 91 -95
50 92 -103
50 93 -378
50 94 -212
50 95 0
50 96 -104
50 97 -5
50 98 -2
50 99 -14
50 100 -16
50 101 -107
50 102 -146
50 103 -244
50 104 0
50 105 -51
50 106 -706
50 107 -2
50 108 -16
50 109 -1
50 110 -1
50 111 -45
50 112 -47
50 113 -8
50 114 -1
50 115 0
50 116 -156
50 117 -26
50 118 -129
50 119 -129
50 120 -1
50 121 -422
50 122 -22
50 123 -147
50 124 -47
50 125 -85
50 126 -120
51 33 -121
51 34 -9
51 35 -256
51 36 -299
51 37 -102
51 38 -226
51 39 -9
51 40 -144
51 41 -9
51 42 -4
51 43 -282
51 44 -386
51 45 -281
51 46 -310
51 47 -865
51 48 -140
51 49 -107
51 50 -36
51 51 -171
51 52 -60
51 53 -219
51 54 -279
51 55 -9
51 56 -38
51 57 -51
51 58 -240
51 59 -240
51 60 -281
51 61 -307
51 62 -267
51 63 -55
51 64 -276
51 65 -377
51 66 -267
51 67 -210
51 68 -107
51 69 -93
51 70 -111
51 71 -232
51 72 -126
51 73 -163
51 74 -284
51 75 -80
51 76 -142
51 77 -276
51 78 -95
51 79 -160
51 80 -49
51 81 -218
51 82 -139
51 83 -235
51 84 -1
51 85 -59
51 86 -9
51 87 -10
51 88 -171
51 89 -9
51 90 -89
51 91 -244
51 92 -8
51 93 -283
51 94 -286
51 95 0
51 96 -9
51 97 -305
51 98 -72
51 99 -297
51 100 -297
51 101 -282
51 102 -332
51 103 -497
51 104 -97
51 105 -7
51 106 -612
51 107 -112
51 108 -52
51 109 -339
51 110 -366
51 111 -283
51 112 -331
51 113 -312
51 114 -355
51 115 -364
51 116 -326
51 117 -267
51 118 -229
51 119 -229
51 120 -229
51 121 -666
51 122 -326
51 123 -273
51 124 -148
51 125 0
51 126 -284
52 33 -123
52 34 -149
52 35 -1
52 36 -241
52 37 -5
52 38 -255
52 39 -149
52 40 -21
52 41 -315
52 42 -116
52 43 -384
52 44 -611
52 45 -577
52 46 -614
52 47 -789
52 48 -11
52 49 -55
52 50 -69
52 51 -509
52 52 -2
52 53 -387
52 54 -94
52 55 -431
52 56 -111
52 57 -24
52 58 0
52 59 0
52 60 -277
52 61 -102
52 62 -38
52 63 -185
52 64 -79
52 65 -317
52 66 -264
52 67 -47
52 68 -116
52 69 -113
52 70 -82
52 71 -40
52 72 -56
52 73 -569
52 74 -588
52 75 -56
52 76 -103
52 77 -176
52 78 -70
52 79 -20
52 80 -32
52 81 -38
52 82 -89
52 83 -211
52 84 -265
52 85 -9
52 86 -56
52 87 -147
52 88 -420
52 89 -246
52 90 -428
52 91 -215
52 92 -197
52 93 -705
52 94 -44
52 95 0
52 96 -307
52 97 -156
52 98 -64
52 99 -168
52 100 -193
52 101 -159
52 102 -9
52 103 -338
52 104 -69
52 105 -113
52 106 -764
52 107 -91
52 108 -18
52 109 -122
52 110 -138
52 111 -68
52 112 -102
52 113 -286
52 114 -126
52 115 -368
52 116 -6
52 117 -38
52 118 0
52 119 0
52 120 0
52 121 -441
52 122 -14
52 123 -251
52 124 -101
52 125 -438
52 126 -587
53 33 -121
53 34 -33
53 35 -249
53 36 -262
53 37 -164
53 38 -242
53 39 -33
53 40 -197
53 41 -1
53 42 -17
53 43 -228
53 44 -396
53 45 -225
53 46 -281
53 47 -845
53 48 -182
53 49 -109
53 50 -91
53 51 -175
53 52 -66
53 53 -221
53 54 -229
53 55 -1
53 56 -53
53 57 -102
53 58 -281
53 59 -328
53 60 -224
53 61 -256
53 62 -375
53 63 -65
53 64 -230
53 65 -356
53 66 -259
53 67 -223
53 68 -100
53 69 -85
53 70 -107
53 71 -225
53 72 -132
53 73 -159
53 74 -234
53 75 -77
53 76 -139
53 77 -298
53 78 -89
53 79 -216
53 80 -47
53 81 -225
53 82 -141
53 83 -266
53 84 -13
53 85 -70
53 86 -2
53 87 -2
53 88 -163
53 89 -1
53 90 -86
53 91 -247
53 92 -1
53 93 -275
53 94 -247
53 95 0
53 96 -1
53 97 -260
53 98 -73
53 99 -248
53 100 -251
53 101 -223
53 102 -283
53 103 -443
53 104 -94
53 105 -1
53 106 -606
53 107 -104
53 108 -58
53 109 -299
53 110 -334
53 111 -228
53 112 -307
53 113 -275
53 114 -340
53 115 -373
53 116 -293
53 117 -235
53 118 -327
53 119 -335
53 120 -338
53 121 -612
53 122 -275
53 123 -229
53 124 -158
53 125 -3
53 126 -232
54 33 -31
54 34 -580
54 35 -30
54 36 -20
54 37 -103
54 38 -29
54 39 -580
54 40 -1
54 41 -380
54 42 -293
54 43 -2
54 44 -102
54 45 0
54 46 -31
54 47 -583
54 48 -11
54 49 -21
54 50 -119
54 51 -102
54 52 -55
54 53 -60
54 54 -5
54 55 -532
54 56 -35
54 57 -138
54 58 -31
54 59 -72
54 60 0
54 61 -27
54 62 -102
54 63 -31
54 64 -5
54 65 -97
54 66 -102
54 67 0
54 68 -53
54 69 -40
54 70 -13
54 71 -2
54 72 -4
54 73 -33
54 74 -4
54 75 -11
54 76 -14
54 77 -75
54 78 -20
54 79 -8
54 80 -5
54 81 -2
54 82 -28
54 83 -59
54 84 -327
54 85 -2
54 86 -127
54 87 -184
54 88 -59
54 89 -359
54 90 -84
54 91 -152
54 92 -325
54 93 -709
54 94 -17
54 95 0
54 96 -532
54 97 -26
54 98 -28
54 99 -17
54 100 -18
54 101 -1
54 102 -40
54 103 -217
54 104 -26
54 105 -100
54 106 -805
54 107 -46
54 108 -1
54 109 -60
54 110 -86
54 111 -3
54 112 -82
54 113 -33
54 114 -91
54 115 -82
54 116 -48
54 117 -8
54 118 -76
54 119 -77
54 120 -78
54 121 -386
54 122 -35
54 123 -2
54 124 -70
54 125 -464
54 126 -4
55 33 -121
55 34 -15
55 35 -120
55 36 -207
55 37 -84
55 38 -166
55 39 -15
55 40 -133
55 41 0
55 42 -10
55 43 -216
55 44 -148
55 45 -212
55 46 -183
55 47 -531
55 48 -127
55 49 -109
55 50 -38
55 51 -148
55 52 -66
55 53 -157
55 54 -184
55 55 0
55 56 -45
55 57 -53
55 58 -114
55 59 -114
55 60 -208
55 61 -190
55 62 -148
55 63 -60
55 64 -166
55 65 -148
55 66 -148
55 67 -173
55 68 -98
55 69 -84
55 70 -105
55 71 -169
55 72 -132
55 73 -159
55 74 -221
55 75 -76
55 76 -138
55 77 -148
55 78 -88
55 79 -142
55 80 -46
55 81 -167
55 82 -142
55 83 -158
55 84 -7
55 85 -65
55 86 0
55 87 0
55 88 -148
55 89 0
55 90 -86
55 91 -238
55 92 0
55 93 -274
55 94 -166
55 95 0
55 96 0
55 97 -158
55 98 -73
55 99 -171
55 100 -172
55 101 -200
55 102 -137
55 103 -403
55 104 -93
55 105 0
55 106 -605
55 107 -103
55 108 -57
55 109 -148
55 110 -148
55 111 -193
55 112 -191
55 113 -162
55 114 -148
55 115 -149
55 116 -132
55 117 -149
55 118 -111
55 119 -111
55 120 -111
55 121 -553
55 122 -143
55 123 -218
55 124 -154
55 125 -2
55 126 -220
56 33 -121
56 34 -16
56 35 -178
56 36 -158
56 37 -100
56 38 -165
56 39 -16
56 40 -147
56 41 -2
56 42 -9
56 43 -148
56 44 -217
56 45 -148
56 46 -165
56 47 -684
56 48 -143
56 49 -108
56 50 -42
56 51 -173
56 52 -65
56 53 -185
56 54 -153
56 55 -2
56 56 -44
56 57 -57
56 58 -165
56 59 -165
56 60 -148
56 61 -162
56 62 -198
56 63 -59
56 64 -150
56 65 -216
56 66 -217
56 67 -148
56 68 -100
56 69 -86
56 70 -107
56 71 -150
56 72 -131
56 73 -159
56 74 -149
56 75 -78
56 76 -140
56 77 -207
56 78 -90
56 79 -155
56 80 -47
56 81 -150
56 82 -141
56 83 -184
56 84 -6
56 85 -65
56 86 -2
56 87 -2
56 88 -164
56 89 -2
56 90 -86
56 91 -246
56 92 -1
56 93 -276
56 94 -162
56 95 0
56 96 -2
56 97 -164
56 98 -73
56 99 -158
56 100 -158
56 101 -149
56 102 -182
56 103 -362
56 104 -95
56 105 -1
56 106 -606
56 107 -105
56 108 -56
56 109 -194
56 110 -211
56 111 -149
56 112 -226
56 113 -168
56 114 -215
56 115 -201
56 116 -188
56 117 -152
56 118 -160
56 119 -160
56 120 -160
56 121 -531
56 122 -178
56 123 -149
56 124 -154
56 125 -1
56 126 -149
57 33 -101
57 34 -4
57 35 -41
57 36 -123
57 37 -27
57 38 -87
57 39 -4
57 40 -60
57 41 -24
57 42 -1
57 43 -115
57 44 -72
57 45 -110
57 46 -101
57 47 -468
57 48 -52
57 49 -72
57 50 -19
57 51 -72
57 52 -40
57 53 -78
57 54 -83
57 55 -24
57 56 -35
57 57 -20
57 58 -37
57 59 -37
57 60 -105
57 61 -100
57 62 -72
57 63 -54
57 64 -88
57 65 -72
57 66 -72
57 67 -83
57 68 -72
57 69 -72
57 70 -79
57 71 -74
57 72 -97
57 73 -91
57 74 -122
57 75 -81
57 76 -98
57 77 -72
57 78 -72
57 79 -61
57 80 -50
57 81 -74
57 82 -72
57 83 -79
57 84 0
57 85 -44
57 86 -14
57 87 -23
57 88 -72
57 89 -24
57 90 -72
57 91 -164
57 92 -23
57 93 -298
57 94 -68
57 95 0
57 96 -24
57 97 -80
57 98 -72
57 99 -91
57 100 -93
57 101 -96
57 102 -49
57 103 -322
57 104 -72
57 105 -20
57 106 -625
57 107 -72
57 108 -49
57 109 -72
57 110 -72
57 111 -95
57 112 -117
57 113 -84
57 114 -72
57 115 -73
57 116 -46
57 117 -74
57 118 -36
57 119 -36
57 120 -36
57 121 -478
57 122 -53
57 123 -117
57 124 -118
57 125 -3
57 126 -120
58 33 0
58 34 0
58 35 0
58 36 -2
58 37 -7
58 38 0
58 39 0
58 40 -2
58 41 -316
58 42 -124
58 43 -36
58 44 -35
58 45 -49
58 46 0
58 47 -509
58 48 -10
58 49 -9
58 50 -52
58 51 -34
58 52 -1
58 53 -8
58 54 -82
58 55 -520
58 56 -1
58 57 -25
58 58 0
58 59 0
58 60 -54
58 61 0
58 62 -34
58 63 0
58 64 -2
58 65 -34
58 66 -34
58 67 -22
58 68 -22
58 69 -10
58 70 0
58 71 -37
58 72 -3
58 73 0
58 74 -23
58 75 0
58 76 -1
58 77 -31
58 78 -4
58 79 -19
58 80 0
58 81 -35
58 82 -7
58 83 -7
58 84 -297
58 85 -8
58 86 -57
58 87 -149
58 88 -13
58 89 -248
58 90 -25
58 91 -118
58 92 -201
58 93 -678
58 94 -39
58 95 0
58 96 0
58 97 -1
58 98 -16
58 99 0
58 100 0
58 101 -73
58 102 -7
58 103 -217
58 104 -7
58 105 -62
58 106 -717
58 107 -20
58 108 -3
58 109 -19
58 110 -31
58 111 -12
58 112 -62
58 113 -1
58 114 -34
58 115 -21
58 116 -4
58 117 -3
58 118 0
58 119 0
58 120 0
58 121 -392
58 122 -12
58 123 -33
58 124 -55
58 125 -455
58 126 -26
59 33 -57
59 34 0
59 35 0
59 36 -56
59 37 -7
59 38 -58
59 39 0
59 40 -20
59 41 -316
59 42 -124
59 43 -80
59 44 -108
59 45 -90
59 46 -57
59 47 -589
59 48 -10
59 49 -54
59 50 -76
59 51 -108
59 52 -1
59 53 -71
59 54 -82
59 55 -577
59 56 -60
59 57 -25
59 58 0
59 59 0
59 60 -95
59 61 -56
59 62 -38
59 63 -57
59 64 -57
59 65 -104
59 66 -108
59 67 -44
59 68 -83
59 69 -70
59 70 -56
59 71 -37
59 72 -55
59 73 -58
59 74 -70
59 75 -54
59 76 -56
59 77 -94
59 78 -62
59 79 -19
59 80 -32
59 81 -35
59 82 -65
59 83 -70
59 84 -356
59 85 -8
59 86 -57
59 87 -149
59 88 -75
59 89 -248
59 90 -92
59 91 -179
59 92 -201
59 93 -724
59 94 -39
59 95 0
59 96 0
59 97 -58
59 98 -64
59 99 -56
59 100 -56
59 101 -123
59 102 -7
59 103 -270
59 104 -66
59 105 -113
59 106 -717
59 107 -79
59 108 -18
59 109 -82
59 110 -97
59 111 -63
59 112 -101
59 113 -59
59 114 -101
59 115 -89
59 116 -4
59 117 -38
59 118 0
59 119 0
59 120 0
59 121 -440
59 122 -12
59 123 -77
59 124 -100
59 125 -455
59 126 -72
60 33 -35
60 34 0
60 35 -39
60 36 -59
60 37 -43
60 38 -18
60 39 0
60 40 -21
60 41 -351
60 42 -156
60 43 -194
60 44 0
60 45 -237
60 46 -35
60 47 -383
60 48 -48
60 49 0
60 50 -18
60 51 0
60 52 -40
60 53 -9
60 54 -132
60 55 -540
60 56 -15
60 57 -60
60 58 -35
60 59 -32
60 60 -223
60 61 -41
60 62 0
60 63 -35
60 64 -18
60 65 0
60 66 0
60 67 -84
60 68 0
60 69 0
60 70 -8
60 71 -77
60 72 -34
60 73 -23
60 74 -150
60 75 -19
60 76 -30
60 77 0
60 78 0
60 79 -58
60 80 -3
60 81 -75
60 82 0
60 83 -10
60 84 -294
60 85 -39
60 86 -93
60 87 -184
60 88 0
60 89 -283
60 90 0
60 91 -90
60 92 -235
60 93 -656
60 94 -82
60 95 0
60 96 0
60 97 -10
60 98 0
60 99 -23
60 100 -24
60 101 -119
60 102 -46
60 103 -255
60 104 0
60 105 -52
60 106 -755
60 107 0
60 108 -22
60 109 0
60 110 0
60 111 -58
60 112 -43
60 113 -15
60 114 0
60 115 -1
60 116 -43
60 117 -36
60 118 -38
60 119 -38
60 120 0
60 121 -432
60 122 -21
60 123 -183
60 124 -45
60 125 -472
60 126 -159
61 33 -46
61 34 0
61 35 -33
61 36 -47
61 37 -134
61 38 -47
61 39 0
61 40 -4
61 41 -375
61 42 -389
61 43 -31
61 44 -86
61 45 -21
61 46 -46
61 47 -564
61 48 -4
61 49 -28
61 50 -103
61 51 -85
61 52 -61
61 53 -56
61 54 0
61 55 -552
61 56 -48
61 57 -175
61 58 -46
61 59 -88
61 60 -15
61 61 -23
61 62 -86
61 63 -46
61 64 -18
61 65 -85
61 66 -86
61 67 -5
61 68 -70
61 69 -57
61 70 -35
61 71 0
61 72 -15
61 73 -47
61 74 -46
61 75 -23
61 76 -41
61 77 -79
61 78 -35
61 79 -1
61 80 -12
61 81 0
61 82 -47
61 83 -55
61 84 -344
61 85 0
61 86 -121
61 87 -180
61 88 -61
61 89 -390
61 90 -74
61 91 -166
61 92 -337
61 93 -725
61 94 -7
61 95 0
61 96 0
61 97 -47
61 98 -36
61 99 -46
61 100 -46
61 101 -5
61 102 -38
61 103 -235
61 104 -40
61 105 -110
61 106 -799
61 107 -62
61 108 -4
61 109 -67
61 110 -81
61 111 -13
61 112 -89
61 113 -48
61 114 -84
61 115 -70
61 116 -49
61 117 -26
61 118 -82
61 119 -91
61 120 -86
61 121 -402
61 122 -30
61 123 -35
61 124 -78
61 125 -455
61 126 -43
62 33 -56
62 34 0
62 35 -32
62 36 -34
62 37 -249
62 38 -44
62 39 0
62 40 -1
62 41 -381
62 42 -518
62 43 -2
62 44 -183
62 45 0
62 46 -56
62 47 -618
62 48 -15
62 49 -21
62 50 -240
62 51 -243
62 52 -137
62 53 -124
62 54 -14
62 55 -535
62 56 -47
62 57 -299
62 58 -56
62 59 -173
62 60 0
62 61 -44
62 62 -239
62 63 -56
62 64 -5
62 65 -129
62 66 -180
62 67 0
62 68 -56
62 69 -45
62 70 -15
62 71 -4
62 72 -4
62 73 -56
62 74 -6
62 75 -11
62 76 -17
62 77 -83
62 78 -21
62 79 -15
62 80 -5
62 81 -3
62 82 -30
62 83 -121
62 84 -332
62 85 -2
62 86 -162
62 87 -186
62 88 -89
62 89 -380
62 90 -128
62 91 -157
62 92 -392
62 93 -713
62 94 -43
62 95 0
62 96 0
62 97 -33
62 98 -28
62 99 -21
62 100 -23
62 101 -2
62 102 -100
62 103 -217
62 104 -27
62 105 -109
62 106 -805
62 107 -48
62 108 -1
62 109 -71
62 110 -106
62 111 -3
62 112 -82
62 113 -47
62 114 -112
62 115 -187
62 116 -119
62 117 -9
62 118 -121
62 119 -128
62 120 -171
62 121 -386
62 122 -86
62 123 -3
62 124 -70
62 125 -473
62 126 -5
63 33 -121
63 34 -4
63 35 -121
63 36 -318
63 37 -68
63 38 -221
63 39 -4
63 40 -119
63 41 -13
63 42 -1
63 43 -364
63 44 -363
63 45 -377
63 46 -328
63 47 -837
63 48 -112
63 49 -105
63 50 -20
63 51 -172
63 52 -56
63 53 -220
63 54 -255
63 55 -13
63 56 -35
63 57 -34
63 58 -110
63 59 -110
63 60 -369
63 61 -271
63 62 -144
63 63 -54
63 64 -211
63 65 -362
63 66 -271
63 67 -167
63 68 -110
63 69 -97
63 70 -113
63 71 -177
63 72 -122
63 73 -166
63 74 -351
63 75 -81
63 76 -142
63 77 -264
63 78 -97
63 79 -128
63 80 -50
63 81 -166
63 82 -137
63 83 -223
63 84 0
63 85 -53
63 86 -12
63 87 -13
63 88 -174
63 89 -13
63 90 -92
63 91 -244
63 92 -12
63 93 -287
63 94 -197
63 95 0
63 96 -13
63 97 -310
63 98 -72
63 99 -328
63 100 -328
63 101 -322
63 102 -149
63 103 -505
63 104 -98
63 105 -11
63 106 -616
63 107 -115
63 108 -49
63 109 -228
63 110 -244
63 111 -219
63 112 -209
63 113 -329
63 114 -232
63 115 -349
63 116 -140
63 117 -144
63 118 -106
63 119 -106
63 120 -106
63 121 -547
63 122 -160
63 123 -268
63 124 -144
63 125 -1
63 126 -354
64 33 -118
64 34 -94
64 35 -1
64 36 -103
64 37 -12
64 38 -113
64 39 -94
64 40 -12
64 41 -225
64 42 -92
64 43 -57
64 44 -86
64 45 -49
64 46 -123
64 47 -198
64 48 -2
64 49 -40
64 50 -55
64 51 -86
64 52 -1
64 53 -163
64 54 -17
64 55 -225
64 56 -104
64 57 -27
64 58 -3
64 59 -3
64 60 -42
64 61 -35
64 62 -42
64 63 -123
64 64 -42
64 65 -86
64 66 -86
64 67 -21
64 68 -86
64 69 -86
64 70 -60
64 71 -13
64 72 -35
64 73 -124
64 74 -67
64 75 -41
64 76 -67
64 77 -86
64 78 -54
64 79 -6
64 80 -24
64 81 -13
64 82 -68
64 83 -162
64 84 -126
64 85 -4
64 86 -62
64 87 -152
64 88 -86
64 89 -225
64 90 -93
64 91 -58
64 92 -179
64 93 -162
64 94 -6
64 95 -9
64 96 -225
64 97 -93
64 98 -52
64 99 -78
64 100 -84
64 101 -31
64 102 0
64 103 -47
64 104 -57
64 105 -117
64 106 -74
64 107 -79
64 108 -12
64 109 -86
64 110 -91
64 111 -31
64 112 -25
64 113 -115
64 114 -87
64 115 -126
64 116 0
64 117 -42
64 118 -3
64 119 -4
64 120 -4
64 121 -30
64 122 0
64 123 -59
64 124 -36
64 125 -160
64 126 -65
65 33 -1
65 34 -116
65 35 -43
65 36 -2
65 37 -64
65 38 0
65 39 -116
65 40 -3
65 41 -152
65 42 -118
65 43 -7
65 44 -1
65 45 -9
65 46 -1
65 47 -384
65 48 -25
65 49 -1
65 50 -19
65 51 -1
65 52 -46
65 53 0
65 54 -19
65 55 -152
65 56 0
65 57 -79
65 58 -1
65 59 -33
65 60 -10
65 61 -1
65 62 -1
65 63 -1
65 64 -3
65 65 -1
65 66 -1
65 67 -8
65 68 -1
65 69 -1
65 70 0
65 71 -15
65 72 -3
65 73 0
65 74 -5
65 75 0
65 76 -1
65 77 -1
65 78 0
65 79 -22
65 80 0
65 81 -15
65 82 -1
65 83 0
65 84 -128
65 85 -12
65 86 -115
65 87 -152
65 88 -1
65 89 -152
65 90 0
65 91 -90
65 92 -152
65 93 -426
65 94 -28
65 95 0
65 96 -152
65 97 0
65 98 -1
65 99 -1
65 100 -1
65 101 -13
65 102 -40
65 103 -215
65 104 -1
65 105 -51
65 106 -756
65 107 -1
65 108 -4
65 109 -1
65 110 -1
65 111 -5
65 112 -44
65 113 0
65 114 -1
65 115 0
65 116 -43
65 117 -2
65 118 -54
65 119 -54
65 120 -1
65 121 -387
65 122 -22
65 123 -7
65 124 -46
65 125 -139
65 126 -6
66 33 -121
66 34 -10
66 35 -218
66 36 -275
66 37 -103
66 38 -226
66 39 -10
66 40 -146
66 41 -11
66 42 -4
66 43 -273
66 44 -365
66 45 -276
66 46 -284
66 47 -839
66 48 -142
66 49 -107
66 50 -37
66 51 -171
66 52 -60
66 53 -219
66 54 -281
66 55 -11
66 56 -39
66 57 -53
66 58 -196
66 59 -196
66 60 -279
66 61 -281
66 62 -228
66 63 -55
66 64 -270
66 65 -350
66 66 -269
66 67 -210
66 68 -108
66 69 -95
66 70 -112
66 71 -232
66 72 -127
66 73 -164
66 74 -270
66 75 -80
66 76 -142
66 77 -277
66 78 -96
66 79 -161
66 80 -49
66 81 -218
66 82 -139
66 83 -236
66 84 -1
66 85 -59
66 86 -10
66 87 -11
66 88 -172
66 89 -10
66 90 -90
66 91 -244
66 92 -10
66 93 -284
66 94 -281
66 95 0
66 96 -11
66 97 -282
66 98 -72
66 99 -276
66 100 -275
66 101 -292
66 102 -274
66 103 -482
66 104 -97
66 105 -8
66 106 -613
66 107 -114
66 108 -52
66 109 -312
66 110 -328
66 111 -271
66 112 -293
66 113 -287
66 114 -316
66 115 -338
66 116 -258
66 117 -228
66 118 -190
66 119 -190
66 120 -190
66 121 -632
66 122 -295
66 123 -272
66 124 -149
66 125 0
66 126 -271
67 33 -1
67 34 -217
67 35 -174
67 36 -7
67 37 -177
67 38 0
67 39 -217
67 40 -4
67 41 -166
67 42 -193
67 43 -54
67 44 -22
67 45 -71
67 46 -1
67 47 -487
67 48 -67
67 49 -7
67 50 -40
67 51 -22
67 52 -235
67 53 -2
67 54 -141
67 55 -166
67 56 0
67 57 -294
67 58 -1
67 59 -54
67 60 -75
67 61 -2
67 62 -22
67 63 -1
67 64 -4
67 65 -21
67 66 -22
67 67 -32
67 68 -17
67 69 -6
67 70 0
67 71 -48
67 72 -7
67 73 0
67 74 -38
67 75 0
67 76 -3
67 77 -22
67 78 -3
67 79 -113
67 80 0
67 81 -50
67 82 -4
67 83 -2
67 84 -190
67 85 -18
67 86 -166
67 87 -166
67 88 -8
67 89 -166
67 90 -14
67 91 -112
67 92 -166
67 93 -440
67 94 -631
67 95 0
67 96 -166
67 97 0
67 98 -12
67 99 -1
67 100 -2
67 101 -81
67 102 -165
67 103 -221
67 104 -5
67 105 -58
67 106 -771
67 107 -15
67 108 -6
67 109 -13
67 110 -20
67 111 -18
67 112 -58
67 113 0
67 114 -24
67 115 -11
67 116 -196
67 117 -6
67 118 -175
67 119 -167
67 120 -22
67 121 -398
67 122 -41
67 123 -49
67 124 -53
67 125 -176
67 126 -41
68 33 -122
68 34 -3
68 35 -50
68 36 -266
68 37 -20
68 38 -218
68 39 -3
68 40 -63
68 41 -54
68 42 -5
68 43 -232
68 44 -482
68 45 -217
68 46 -351
68 47 -855
68 48 -57
68 49 -91
68 50 -1
68 51 -192
68 52 -35
68 53 -239
68 54 -147
68 55 -54
68 56 -34
68 57 -5
68 58 -43
68 59 -43
68 60 -204
68 61 -158
68 62 -78
68 63 -66
68 64 -140
68 65 -380
68 66 -303
68 67 -103
68 68 -125
68 69 -123
68 70 -111
68 71 -102
68 72 -99
68 73 -201
68 74 -251
68 75 -78
68 76 -140
68 77 -227
68 78 -96
68 79 -71
68 80 -48
68 81 -98
68 82 -123
68 83 -201
68 84 -11
68 85 -34
68 86 -25
68 87 -50
68 88 -216
68 89 -54
68 90 -125
68 91 -238
68 92 -53
68 93 -328
68 94 -111
68 95 0
68 96 -55
68 97 -222
68 98 -72
68 99 -228
68 100 -243
68 101 -182
68 102 -70
68 103 -398
68 104 -92
68 105 -49
68 106 -654
68 107 -110
68 108 -38
68 109 -162
68 110 -178
68 111 -133
68 112 -144
68 113 -306
68 114 -166
68 115 -432
68 116 -64
68 117 -78
68 118 -40
68 119 -40
68 120 -40
68 121 -482
68 122 -78
68 123 -238
68 124 -127
68 125 -23
68 126 -247
69 33 -89
69 34 -28
69 35 -45
69 36 -104
69 37 -49
69 38 -81
69 39 -28
69 40 -65
69 41 -3
69 42 -14
69 43 -195
69 44 -79
69 45 -250
69 46 -89
69 47 -506
69 48 -55
69 49 -78
69 50 -81
69 51 -79
69 52 -46
69 53 -76
69 54 -137
69 55 -3
69 56 -50
69 57 -66
69 58 -44
69 59 -44
69 60 -224
69 61 -93
69 62 -79
69 63 -62
69 64 -86
69 65 -79
69 66 -79
69 67 -91
69 68 -80
69 69 -76
69 70 -78
69 71 -84
69 72 -94
69 73 -83
69 74 -157
69 75 -78
69 76 -89
69 77 -80
69 78 -75
69 79 -64
69 80 -48
69 81 -82
69 82 -76
69 83 -76
69 84 -10
69 85 -53
69 86 -3
69 87 -3
69 88 -76
69 89 -3
69 90 -77
69 91 -174
69 92 -2
69 93 -277
69 94 -88
69 95 0
69 96 -3
69 97 -77
69 98 -73
69 99 -84
69 100 -86
69 101 -174
69 102 -53
69 103 -311
69 104 -76
69 105 -2
69 106 -607
69 107 -80
69 108 -57
69 109 -78
69 110 -79
69 111 -112
69 112 -125
69 113 -79
69 114 -79
69 115 -75
69 116 -50
69 117 -82
69 118 -44
69 119 -44
69 120 -44
69 121 -485
69 122 -58
69 123 -181
69 124 -123
69 125 -2
69 126 -164
70 33 -121
70 34 -41
70 35 -38
70 36 -282
70 37 -47
70 38 -248
70 39 -41
70 40 -57
70 41 0
70 42 -22
70 43 -421
70 44 -612
70 45 -652
70 46 -648
70 47 -816
70 48 -46
70 49 -89
70 50 -116
70 51 -178
70 52 -38
70 53 -224
70 54 -113
70 55 0
70 56 -59
70 57 -68
70 58 -38
70 59 -38
70 60 -259
70 61 -122
70 62 -77
70 63 -70
70 64 -109
70 65 -343
70 66 -258
70 67 -79
70 68 -98
70 69 -84
70 70 -105
70 71 -71
70 72 -90
70 73 -159
70 74 -662
70 75 -76
70 76 -136
70 77 -208
70 78 -88
70 79 -54
70 80 -46
70 81 -70
70 82 -123
70 83 -253
70 84 -18
70 85 -46
70 86 0
70 87 0
70 88 -162
70 89 0
70 90 -86
70 91 -250
70 92 0
70 93 -274
70 94 -72
70 95 0
70 96 0
70 97 -184
70 98 -73
70 99 -193
70 100 -215
70 101 -186
70 102 -43
70 103 -362
70 104 -93
70 105 0
70 106 -605
70 107 -103
70 108 -55
70 109 -160
70 110 -176
70 111 -97
70 112 -138
70 113 -305
70 114 -165
70 115 -394
70 116 -40
70 117 -77
70 118 -39
70 119 -39
70 120 -39
70 121 -476
70 122 -46
70 123 -289
70 124 -137
70 125 -6
70 126 -419
71 33 -35
71 34 -243
71 35 -37
71 36 -38
71 37 -71
71 38 -18
71 39 -243
71 40 -21
71 41 -193
71 42 -220
71 43 -32
71 44 0
71 45 -31
71 46 -35
71 47 -383
71 48 -19
71 49 0
71 50 -18
71 51 0
71 52 -32
71 53 -9
71 54 -22
71 55 -193
71 56 -15
71 57 -103
71 58 -35
71 59 -32
71 60 -29
71 61 -39
71 62 0
71 63 -35
71 64 -18
71 65 0
71 66 0
71 67 -27
71 68 0
71 69 0
71 70 -8
71 71 -22
71 72 -33
71 73 -23
71 74 -34
71 75 -19
71 76 -29
71 77 0
71 78 0
71 79 -20
71 80 -3
71 81 -22
71 82 0
71 83 -9
71 84 -217
71 85 -20
71 86 -106
71 87 -192
71 88 0
71 89 -193
71 90 0
71 91 -90
71 92 -193
71 93 -467
71 94 -19
71 95 0
71 96 -193
71 97 -10
71 98 0
71 99 -22
71 100 -24
71 101 -26
71 102 -24
71 103 -247
71 104 0
71 105 -52
71 106 -755
71 107 0
71 108 -22
71 109 0
71 110 0
71 111 -33
71 112 -43
71 113 -14
71 114 0
71 115 -1
71 116 -28
71 117 -36
71 118 -47
71 119 -47
71 120 0
71 121 -416
71 122 -21
71 123 -33
71 124 -45
71 125 -203
71 126 -34
72 33 -92
72 34 -25
72 35 -89
72 36 -115
72 37 -70
72 38 -77
72 39 -25
72 40 -80
72 41 0
72 42 -18
72 43 -131
72 44 -61
72 45 -130
72 46 -92
72 47 -452
72 48 -100
72 49 -61
72 50 -43
72 51 -61
72 52 -69
72 53 -68
72 54 -120
72 55 0
72 56 -54
72 57 -53
72 58 -85
72 59 -85
72 60 -129
72 61 -99
72 62 -61
72 63 -67
72 64 -78
72 65 -61
72 66 -61
72 67 -126
72 68 -61
72 69 -61
72 70 -68
72 71 -118
72 72 -92
72 73 -81
72 74 -131
72 75 -76
72 76 -88
72 77 -61
72 78 -61
72 79 -109
72 80 -46
72 81 -118
72 82 -61
72 83 -69
72 84 -15
72 85 -74
72 86 0
72 87 0
72 88 -61
72 89 0
72 90 -61
72 91 -152
72 92 0
72 93 -274
72 94 -111
72 95 0
72 96 0
72 97 -70
72 98 -61
72 99 -81
72 100 -83
72 101 -126
72 102 -97
72 103 -313
72 104 -61
72 105 0
72 106 -605
72 107 -61
72 108 -61
72 109 -61
72 110 -61
72 111 -115
72 112 -105
72 113 -74
72 114 -61
72 115 -62
72 116 -95
72 117 -94
72 118 -84
72 119 -84
72 120 -61
72 121 -490
72 122 -82
72 123 -131
72 124 -106
72 125 -7
72 126 -131
73 33 -36
73 34 -264
73 35 -179
73 36 -60
73 37 -155
73 38 -18
73 39 -264
73 40 -21
73 41 -214
73 42 -241
73 43 -243
73 44 0
73 45 -297
73 46 -36
73 47 -383
73 48 -115
73 49 0
73 50 -18
73 51 0
73 52 -283
73 53 -9
73 54 -192
73 55 -214
73 56 -15
73 57 -342
73 58 -36
73 59 -32
73 60 -235
73 61 -42
73 62 0
73 63 -36
73 64 -18
73 65 0
73 66 0
73 67 -90
73 68 0
73 69 0
73 70 -8
73 71 -107
73 72 -34
73 73 -23
73 74 -150
73 75 -19
73 76 -30
73 77 0
73 78 0
73 79 -207
73 80 -3
73 81 -104
73 82 0
73 83 -10
73 84 -238
73 85 -39
73 86 -214
73 87 -214
73 88 0
73 89 -214
73 90 0
73 91 -90
73 92 -214
73 93 -488
73 94 -678
73 95 0
73 96 -214
73 97 -10
73 98 0
73 99 -23
73 100 -24
73 101 -119
73 102 -145
73 103 -255
73 104 0
73 105 -52
73 106 -755
73 107 0
73 108 -22
73 109 0
73 110 0
73 111 -58
73 112 -43
73 113 -15
73 114 0
73 115 -1
73 116 -208
73 117 -36
73 118 -195
73 119 -204
73 120 0
73 121 -433
73 122 -21
73 123 -225
73 124 -45
73 125 -224
73 126 -186
74 33 -121
74 34 -12
74 35 -35
74 36 -125
74 37 -27
74 38 -135
74 39 -12
74 40 -54
74 41 0
74 42 -10
74 43 -86
74 44 -232
74 45 -80
74 46 -144
74 47 -705
74 48 -43
74 49 -83
74 50 -18
74 51 -176
74 52 -35
74 53 -185
74 54 -59
74 55 0
74 56 -43
74 57 -21
74 58 -33
74 59 -33
74 60 -77
74 61 -78
74 62 -70
74 63 -61
74 64 -81
74 65 -219
74 66 -231
74 67 -64
74 68 -98
74 69 -84
74 70 -98
74 71 -56
74 72 -77
74 73 -146
74 74 -94
74 75 -76
74 76 -102
74 77 -172
74 78 -88
74 79 -49
74 80 -46
74 81 -56
74 82 -110
74 83 -183
74 84 -8
74 85 -43
74 86 0
74 87 0
74 88 -162
74 89 0
74 90 -88
74 91 -241
74 92 0
74 93 -274
74 94 -49
74 95 0
74 96 0
74 97 -121
74 98 -74
74 99 -108
74 100 -111
74 101 -69
74 102 -39
74 103 -297
74 104 -93
74 105 0
74 106 -605
74 107 -103
74 108 -52
74 109 -154
74 110 -170
74 111 -74
74 112 -135
74 113 -138
74 114 -158
74 115 -210
74 116 -38
74 117 -70
74 118 -32
74 119 -32
74 120 -32
74 121 -465
74 122 -41
74 123 -88
74 124 -134
74 125 -5
74 126 -92
75 33 -34
75 34 -51
75 35 -179
75 36 -57
75 37 -155
75 38 -17
75 39 -51
75 40 -20
75 41 -1
75 42 -27
75 43 -117
75 44 0
75 45 -130
75 46 -34
75 47 -383
75 48 -114
75 49 0
75 50 -18
75 51 0
75 52 -70
75 53 -8
75 54 -190
75 55 -1
75 56 -14
75 57 -129
75 58 -34
75 59 -32
75 60 -135
75 61 -41
75 62 0
75 63 -34
75 64 -18
75 65 0
75 66 0
75 67 -88
75 68 0
75 69 0
75 70 -8
75 71 -105
75 72 -33
75 73 -22
75 74 -102
75 75 -18
75 76 -29
75 77 0
75 78 0
75 79 -175
75 80 -3
75 81 -103
75 82 0
75 83 -9
75 84 -24
75 85 -38
75 86 -1
75 87 -1
75 88 0
75 89 -1
75 90 0
75 91 -90
75 92 -1
75 93 -275
75 94 -280
75 95 0
75 96 -1
75 97 -10
75 98 0
75 99 -22
75 100 -24
75 101 -117
75 102 -145
75 103 -254
75 104 0
75 105 -1
75 106 -606
75 107 0
75 108 -22
75 109 0
75 110 0
75 111 -57
75 112 -43
75 113 -14
75 114 0
75 115 -1
75 116 -208
75 117 -35
75 118 -194
75 119 -203
75 120 0
75 121 -431
75 122 -21
75 123 -113
75 124 -45
75 125 -11
75 126 -105
76 33 -3
76 34 -547
76 35 -174
76 36 -10
76 37 -172
76 38 0
76 39 -547
76 40 -5
76 41 -374
76 42 -547
76 43 -62
76 44 -17
76 45 -82
76 46 -3
76 47 -477
76 48 -70
76 49 -6
76 50 -35
76 51 -17
76 52 -345
76 53 -1
76 54 -145
76 55 -521
76 56 0
76 57 -510
76 58 -3
76 59 -49
76 60 -85
76 61 -4
76 62 -18
76 63 -3
76 64 -6
76 65 -17
76 66 -18
76 67 -37
76 68 -15
76 69 -6
76 70 0
76 71 -53
76 72 -9
76 73 -1
76 74 -44
76 75 0
76 76 -4
76 77 -19
76 78 -2
76 79 -121
76 80 0
76 81 -54
76 82 -3
76 83 -1
76 84 -293
76 85 -20
76 86 -235
76 87 -224
76 88 -6
76 89 -366
76 90 -11
76 91 -110
76 92 -521
76 93 -671
76 94 -607
76 95 0
76 96 -551
76 97 0
76 98 -11
76 99 -2
76 100 -3
76 101 -84
76 102 -162
76 103 -223
76 104 -4
76 105 -56
76 106 -779
76 107 -13
76 108 -7
76 109 -11
76 110 -17
76 111 -21
76 112 -57
76 113 0
76 114 -19
76 115 -8
76 116 -196
76 117 -8
76 118 -177
76 119 -170
76 120 -18
76 121 -400
76 122 -37
76 123 -57
76 124 -52
76 125 -468
76 126 -48
77 33 -121
77 34 -11
77 35 -57
77 36 -126
77 37 -42
77 38 -132
77 39 -11
77 40 -77
77 41 -2
77 42 -7
77 43 -111
77 44 -118
77 45 -107
77 46 -131
77 47 -501
77 48 -68
77 49 -108
77 50 -22
77 51 -118
77 52 -57
77 53 -126
77 54 -90
77 55 -2
77 56 -41
77 57 -29
77 58 -54
77 59 -54
77 60 -105
77 61 -109
77 62 -91
77 63 -58
77 64 -112
77 65 -118
77 66 -118
77 67 -95
77 68 -100
77 69 -86
77 70 -107
77 71 -86
77 72 -108
77 73 -132
77 74 -115
77 75 -78
77 76 -125
77 77 -118
77 78 -90
77 79 -76
77 80 -47
77 81 -86
77 82 -118
77 83 -127
77 84 -5
77 85 -58
77 86 -2
77 87 -2
77 88 -118
77 89 -2
77 90 -86
77 91 -208
77 92 -2
77 93 -276
77 94 -79
77 95 0
77 96 -2
77 97 -128
77 98 -73
77 99 -127
77 100 -127
77 101 -99
77 102 -65
77 103 -325
77 104 -95
77 105 -1
77 106 -606
77 107 -105
77 108 -55
77 109 -118
77 110 -118
77 111 -105
77 112 -156
77 113 -132
77 114 -118
77 115 -119
77 116 -63
77 117 -91
77 118 -53
77 119 -53
77 120 -53
77 121 -494
77 122 -68
77 123 -112
77 124 -150
77 125 -1
77 126 -114
78 33 -108
78 34 -51
78 35 -69
78 36 -103
78 37 -65
78 38 -109
78 39 -51
78 40 -84
78 41 0
78 42 -27
78 43 -91
78 44 -132
78 45 -89
78 46 -108
78 47 -527
78 48 -74
78 49 -109
78 50 -58
78 51 -132
78 52 -69
78 53 -119
78 54 -80
78 55 0
78 56 -65
78 57 -61
78 58 -68
78 59 -68
78 60 -88
78 61 -102
78 62 -105
78 63 -75
78 64 -94
78 65 -131
78 66 -132
78 67 -86
78 68 -98
78 69 -84
78 70 -103
78 71 -80
78 72 -93
78 73 -110
78 74 -94
78 75 -76
78 76 -102
78 77 -133
78 78 -88
78 79 -77
78 80 -46
78 81 -80
78 82 -116
78 83 -118
78 84 -24
78 85 -76
78 86 0
78 87 0
78 88 -124
78 89 0
78 90 -88
78 91 -227
78 92 0
78 93 -274
78 94 -76
78 95 0
78 96 0
78 97 -109
78 98 -74
78 99 -104
78 100 -104
78 101 -85
78 102 -71
78 103 -306
78 104 -93
78 105 0
78 106 -605
78 107 -103
78 108 -61
78 109 -129
78 110 -131
78 111 -92
78 112 -167
78 113 -112
78 114 -132
78 115 -126
78 116 -70
78 117 -98
78 118 -67
78 119 -67
78 120 -67
78 121 -475
78 122 -72
78 123 -92
78 124 -159
78 125 -9
78 126 -94
79 33 -112
79 34 -31
79 35 0
79 36 -94
79 37 -1
79 38 -105
79 39 -31
79 40 -16
79 41 -100
79 42 -33
79 43 -54
79 44 -198
79 45 -47
79 46 -112
79 47 -675
79 48 -5
79 49 -45
79 50 -14
79 51 -197
79 52 -1
79 53 -149
79 54 -21
79 55 -99
79 56 -58
79 57 -6
79 58 0
79 59 0
79 60 -42
79 61 -40
79 62 -38
79 63 -103
79 64 -45
79 65 -186
79 66 -197
79 67 -26
79 68 -100
79 69 -96
79 70 -63
79 71 -17
79 72 -39
79 73 -114
79 74 -63
79 75 -46
79 76 -69
79 77 -140
79 78 -58
79 79 -10
79 80 -28
79 81 -17
79 82 -73
79 83 -147
79 84 -46
79 85 -7
79 86 -43
79 87 -91
79 88 -143
79 89 -100
79 90 -168
79 91 -204
79 92 -96
79 93 -374
79 94 -11
79 95 0
79 96 -100
79 97 -91
79 98 -56
79 99 -76
79 100 -81
79 101 -33
79 102 -3
79 103 -262
79 104 -61
79 105 -94
79 106 -699
79 107 -84
79 108 -16
79 109 -122
79 110 -138
79 111 -36
79 112 -98
79 113 -108
79 114 -126
79 115 -175
79 116 -2
79 117 -38
79 118 0
79 119 0
79 120 0
79 121 -428
79 122 -4
79 123 -57
79 124 -96
79 125 -63
79 126 -62
80 33 -121
80 34 -8
80 35 -154
80 36 -327
80 37 -75
80 38 -225
80 39 -8
80 40 -125
80 41 -6
80 42 -4
80 43 -513
80 44 -573
80 45 -572
80 46 -577
80 47 -948
80 48 -119
80 49 -107
80 50 -27
80 51 -171
80 52 -60
80 53 -219
80 54 -263
80 55 -6
80 56 -38
80 57 -40
80 58 -135
80 59 -135
80 60 -571
80 61 -424
80 62 -167
80 63 -55
80 64 -230
80 65 -483
80 66 -265
80 67 -179
80 68 -105
80 69 -91
80 70 -111
80 71 -196
80 72 -126
80 73 -162
80 74 -574
80 75 -80
80 76 -141
80 77 -271
80 78 -94
80 79 -136
80 80 -49
80 81 -182
80 82 -139
80 83 -229
80 84 -2
80 85 -58
80 86 -7
80 87 -7
80 88 -168
80 89 -6
80 90 -88
80 91 -244
80 92 -6
80 93 -281
80 94 -229
80 95 0
80 96 -7
80 97 -364
80 98 -72
80 99 -408
80 100 -459
80 101 -392
80 102 -206
80 103 -592
80 104 -97
80 105 -5
80 106 -610
80 107 -109
80 108 -52
80 109 -251
80 110 -267
80 111 -277
80 112 -233
80 113 -544
80 114 -255
80 115 -574
80 116 -187
80 117 -167
80 118 -129
80 119 -129
80 120 -129
80 121 -571
80 122 -224
80 123 -272
80 124 -148
80 125 0
80 126 -574
81 33 -35
81 34 -198
81 35 -164
81 36 -59
81 37 -155
81 38 -18
81 39 -198
81 40 -21
81 41 -253
81 42 -201
81 43 -155
81 44 0
81 45 -177
81 46 -35
81 47 -383
81 48 -114
81 49 0
81 50 -18
81 51 0
81 52 -164
81 53 -9
81 54 -178
81 55 -252
81 56 -15
81 57 -174
81 58 -35
81 59 -32
81 60 -180
81 61 -41
81 62 0
81 63 -35
81 64 -18
81 65 0
81 66 0
81 67 -89
81 68 0
81 69 0
81 70 -8
81 71 -106
81 72 -33
81 73 -23
81 74 -128
81 75 -19
81 76 -29
81 77 0
81 78 0
81 79 -170
81 80 -3
81 81 -103
81 82 0
81 83 -10
81 84 -211
81 85 -39
81 86 -212
81 87 -251
81 88 0
81 89 -253
81 90 0
81 91 -90
81 92 -252
81 93 -526
81 94 -170
81 95 0
81 96 -253
81 97 -10
81 98 0
81 99 -22
81 100 -24
81 101 -118
81 102 -145
81 103 -255
81 104 0
81 105 -52
81 106 -755
81 107 0
81 108 -22
81 109 0
81 110 0
81 111 -57
81 112 -43
81 113 -15
81 114 0
81 115 -1
81 116 -164
81 117 -36
81 118 -165
81 119 -165
81 120 0
81 121 -432
81 122 -21
81 123 -148
81 124 -45
81 125 -224
81 126 -135
82 33 -35
82 34 -107
82 35 -179
82 36 -58
82 37 -155
82 38 -18
82 39 -107
82 40 -20
82 41 -132
82 42 -106
82 43 -151
82 44 0
82 45 -174
82 46 -35
82 47 -383
82 48 -114
82 49 0
82 50 -18
82 51 0
82 52 -158
82 53 -9
82 54 -191
82 55 -131
82 56 -15
82 57 -132
82 58 -35
82 59 -32
82 60 -176
82 61 -41
82 62 0
82 63 -35
82 64 -18
82 65 0
82 66 0
82 67 -89
82 68 0
82 69 0
82 70 -8
82 71 -106
82 72 -33
82 73 -23
82 74 -125
82 75 -19
82 76 -29
82 77 0
82 78 0
82 79 -203
82 80 -3
82 81 -103
82 82 0
82 83 -10
82 84 -107
82 85 -38
82 86 -123
82 87 -132
82 88 0
82 89 -132
82 90 0
82 91 -90
82 92 -131
82 93 -406
82 94 -332
82 95 0
82 96 -132
82 97 -10
82 98 0
82 99 -22
82 100 -24
82 101 -118
82 102 -145
82 103 -255
82 104 0
82 105 -52
82 106 -734
82 107 0
82 108 -22
82 109 0
82 110 0
82 111 -57
82 112 -43
82 113 -14
82 114 0
82 115 -1
82 116 -208
82 117 -36
82 118 -195
82 119 -204
82 120 0
82 121 -432
82 122 -21
82 123 -144
82 124 -45
82 125 -112
82 126 -132
83 33 -121
83 34 -15
83 35 -202
83 36 -153
83 37 -130
83 38 -160
83 39 -15
83 40 -151
83 41 -10
83 42 -6
83 43 -154
83 44 -209
83 45 -158
83 46 -159
83 47 -666
83 48 -158
83 49 -107
83 50 -54
83 51 -171
83 52 -62
83 53 -178
83 54 -191
83 55 -9
83 56 -41
83 57 -70
83 58 -159
83 59 -241
83 60 -160
83 61 -157
83 62 -209
83 63 -56
83 64 -151
83 65 -208
83 66 -209
83 67 -155
83 68 -107
83 69 -94
83 70 -111
83 71 -166
83 72 -128
83 73 -161
83 74 -152
83 75 -79
83 76 -141
83 77 -201
83 78 -95
83 79 -184
83 80 -49
83 81 -165
83 82 -140
83 83 -177
83 84 -3
83 85 -62
83 86 -9
83 87 -10
83 88 -171
83 89 -9
83 90 -89
83 91 -244
83 92 -9
83 93 -283
83 94 -224
83 95 0
83 96 -9
83 97 -160
83 98 -72
83 99 -155
83 100 -154
83 101 -170
83 102 -281
83 103 -363
83 104 -97
83 105 -7
83 106 -612
83 107 -113
83 108 -53
83 109 -188
83 110 -205
83 111 -152
83 112 -223
83 113 -163
83 114 -208
83 115 -194
83 116 -297
83 117 -151
83 118 -296
83 119 -293
83 120 -209
83 121 -533
83 122 -227
83 123 -154
83 124 -151
83 125 0
83 126 -152
84 33 -121
84 34 -25
84 35 -251
84 36 -460
84 37 -150
84 38 -237
84 39 -25
84 40 -185
84 41 -4
84 42 -12
84 43 -450
84 44 -470
84 45 -445
84 46 -478
84 47 -853
84 48 -174
84 49 -108
84 50 -76
84 51 -173
84 52 -65
84 53 -220
84 54 -308
84 55 -4
84 56 -48
84 57 -90
84 58 -395
84 59 -395
84 60 -441
84 61 -443
84 62 -432
84 63 -61
84 64 -353
84 65 -470
84 66 -262
84 67 -266
84 68 -103
84 69 -88
84 70 -109
84 71 -292
84 72 -131
84 73 -160
84 74 -455
84 75 -78
84 76 -140
84 77 -292
84 78 -92
84 79 -204
84 80 -48
84 81 -273
84 82 -141
84 83 -257
84 84 -8
84 85 -67
84 86 -4
84 87 -4
84 88 -165
84 89 -4
84 90 -86
84 91 -246
84 92 -3
84 93 -278
84 94 -378
84 95 0
84 96 -4
84 97 -477
84 98 -73
84 99 -469
84 100 -470
84 101 -434
84 102 -379
84 103 -662
84 104 -95
84 105 -2
84 106 -607
84 107 -107
84 108 -56
84 109 -470
84 110 -470
84 111 -439
84 112 -497
84 113 -481
84 114 -470
84 115 -471
84 116 -326
84 117 -432
84 118 -394
84 119 -394
84 120 -394
84 121 -830
84 122 -404
84 123 -283
84 124 -155
84 125 -1
84 126 -454
85 33 -121
85 34 -32
85 35 -97
85 36 -229
85 37 -77
85 38 -240
85 39 -32
85 40 -115
85 41 0
85 42 -24
85 43 -188
85 44 -313
85 45 -180
85 46 -244
85 47 -781
85 48 -108
85 49 -109
85 50 -50
85 51 -183
85 52 -69
85 53 -228
85 54 -146
85 55 0
85 56 -60
85 57 -60
85 58 -93
85 59 -93
85 60 -174
85 61 -163
85 62 -129
85 63 -73
85 64 -170
85 65 -312
85 66 -258
85 67 -143
85 68 -98
85 69 -84
85 70 -105
85 71 -134
85 72 -134
85 73 -160
85 74 -198
85 75 -76
85 76 -138
85 77 -270
85 78 -88
85 79 -119
85 80 -46
85 81 -134
85 82 -142
85 83 -253
85 84 -21
85 85 -77
85 86 0
85 87 0
85 88 -162
85 89 0
85 90 -88
85 91 -253
85 92 0
85 93 -274
85 94 -128
85 95 0
85 96 0
85 97 -225
85 98 -74
85 99 -210
85 100 -215
85 101 -163
85 102 -108
85 103 -392
85 104 -93
85 105 0
85 106 -605
85 107 -103
85 108 -61
85 109 -213
85 110 -229
85 111 -155
85 112 -195
85 113 -243
85 114 -217
85 115 -297
85 116 -104
85 117 -129
85 118 -91
85 119 -91
85 120 -91
85 121 -533
85 122 -111
85 123 -191
85 124 -164
85 125 -11
85 126 -196
86 33 -121
86 34 -53
86 35 -247
86 36 -457
86 37 -188
86 38 -256
86 39 -53
86 40 -221
86 41 0
86 42 -29
86 43 -504
86 44 -648
86 45 -495
86 46 -562
86 47 -1039
86 48 -201
86 49 -109
86 50 -112
86 51 -183
86 52 -69
86 53 -228
86 54 -334
86 55 0
86 56 -67
86 57 -126
86 58 -279
86 59 -279
86 60 -488
86 61 -445
86 62 -312
86 63 -77
86 64 -369
86 65 -558
86 66 -258
86 67 -299
86 68 -98
86 69 -84
86 70 -105
86 71 -322
86 72 -134
86 73 -160
86 74 -513
86 75 -76
86 76 -138
86 77 -309
86 78 -88
86 79 -240
86 80 -46
86 81 -308
86 82 -142
86 83 -286
86 84 -26
86 85 -76
86 86 0
86 87 0
86 88 -162
86 89 0
86 90 -88
86 91 -253
86 92 0
86 93 -274
86 94 -373
86 95 0
86 96 0
86 97 -494
86 98 -74
86 99 -515
86 100 -530
86 101 -472
86 102 -331
86 103 -685
86 104 -93
86 105 0
86 106 -605
86 107 -103
86 108 -61
86 109 -396
86 110 -412
86 111 -403
86 112 -377
86 113 -558
86 114 -400
86 115 -627
86 116 -321
86 117 -312
86 118 -274
86 119 -274
86 120 -274
86 121 -715
86 122 -344
86 123 -300
86 124 -163
86 125 -11
86 126 -511
87 33 -121
87 34 -43
87 35 -125
87 36 -243
87 37 -103
87 38 -254
87 39 -43
87 40 -143
87 41 0
87 42 -28
87 43 -208
87 44 -312
87 45 -201
87 46 -257
87 47 -759
87 48 -136
87 49 -109
87 50 -69
87 51 -182
87 52 -69
87 53 -227
87 54 -171
87 55 0
87 56 -65
87 57 -81
87 58 -121
87 59 -121
87 60 -196
87 61 -188
87 62 -157
87 63 -76
87 64 -195
87 65 -311
87 66 -258
87 67 -170
87 68 -98
87 69 -84
87 70 -105
87 71 -161
87 72 -134
87 73 -160
87 74 -217
87 75 -76
87 76 -138
87 77 -293
87 78 -88
87 79 -147
87 80 -46
87 81 -161
87 82 -142
87 83 -270
87 84 -24
87 85 -76
87 86 0
87 87 0
87 88 -162
87 89 0
87 90 -87
87 91 -252
87 92 0
87 93 -274
87 94 -155
87 95 0
87 96 0
87 97 -244
87 98 -74
87 99 -230
87 100 -235
87 101 -186
87 102 -135
87 103 -415
87 104 -93
87 105 0
87 106 -605
87 107 -103
87 108 -61
87 109 -241
87 110 -257
87 111 -182
87 112 -223
87 113 -257
87 114 -245
87 115 -297
87 116 -132
87 117 -157
87 118 -119
87 119 -119
87 120 -119
87 121 -561
87 122 -139
87 123 -210
87 124 -163
87 125 -10
87 126 -215
88 33 -35
88 34 -137
88 35 -179
88 36 -58
88 37 -155
88 38 -18
88 39 -137
88 40 -21
88 41 -86
88 42 -113
88 43 -135
88 44 0
88 45 -151
88 46 -35
88 47 -383
88 48 -114
88 49 0
88 50 -18
88 51 0
88 52 -155
88 53 -9
88 54 -191
88 55 -86
88 56 -15
88 57 -214
88 58 -35
88 59 -32
88 60 -155
88 61 -42
88 62 0
88 63 -35
88 64 -18
88 65 0
88 66 0
88 67 -89
88 68 0
88 69 0
88 70 -8
88 71 -106
88 72 -33
88 73 -23
88 74 -114
88 75 -19
88 76 -29
88 77 0
88 78 0
88 79 -194
88 80 -3
88 81 -103
88 82 0
88 83 -10
88 84 -110
88 85 -39
88 86 -86
88 87 -86
88 88 0
88 89 -86
88 90 0
88 91 -90
88 92 -86
88 93 -360
88 94 -284
88 95 0
88 96 -86
88 97 -10
88 98 0
88 99 -22
88 100 -24
88 101 -118
88 102 -145
88 103 -255
88 104 0
88 105 -52
88 106 -691
88 107 0
88 108 -22
88 109 0
88 110 0
88 111 -57
88 112 -43
88 113 -15
88 114 0
88 115 -2
88 116 -208
88 117 -36
88 118 -195
88 119 -204
88 120 0
88 121 -432
88 122 -21
88 123 -130
88 124 -45
88 125 -96
88 126 -118
89 33 -121
89 34 -50
89 35 -208
89 36 -283
89 37 -150
89 38 -254
89 39 -50
89 40 -199
89 41 0
89 42 -27
89 43 -272
89 44 -270
89 45 -270
89 46 -285
89 47 -653
89 48 -194
89 49 -109
89 50 -93
89 51 -182
89 52 -69
89 53 -226
89 54 -260
89 55 0
89 56 -65
89 57 -109
89 58 -197
89 59 -197
89 60 -269
89 61 -281
89 62 -231
89 63 -75
89 64 -275
89 65 -270
89 66 -258
89 67 -251
89 68 -98
89 69 -84
89 70 -105
89 71 -259
89 72 -134
89 73 -160
89 74 -275
89 75 -76
89 76 -138
89 77 -270
89 78 -88
89 79 -211
89 80 -46
89 81 -253
89 82 -142
89 83 -280
89 84 -24
89 85 -76
89 86 0
89 87 0
89 88 -162
89 89 0
89 90 -87
89 91 -252
89 92 0
89 93 -274
89 94 -255
89 95 0
89 96 0
89 97 -280
89 98 -74
89 99 -284
89 100 -283
89 101 -265
89 102 -240
89 103 -488
89 104 -93
89 105 0
89 106 -605
89 107 -103
89 108 -61
89 109 -270
89 110 -270
89 111 -273
89 112 -296
89 113 -285
89 114 -270
89 115 -272
89 116 -231
89 117 -231
89 118 -193
89 119 -193
89 120 -193
89 121 -634
89 122 -252
89 123 -273
89 124 -163
89 125 -9
89 126 -275
90 33 -35
90 34 -238
90 35 -179
90 36 -59
90 37 -155
90 38 -18
90 39 -238
90 40 -20
90 41 -189
90 42 -215
90 43 -201
90 44 0
90 45 -278
90 46 -35
90 47 -383
90 48 -115
90 49 0
90 50 -18
90 51 0
90 52 -258
90 53 -9
90 54 -191
90 55 -189
90 56 -15
90 57 -316
90 58 -35
90 59 -32
90 60 -219
90 61 -41
90 62 0
90 63 -35
90 64 -18
90 65 0
90 66 0
90 67 -89
90 68 0
90 69 0
90 70 -8
90 71 -106
90 72 -33
90 73 -23
90 74 -147
90 75 -19
90 76 -29
90 77 0
90 78 0
90 79 -208
90 80 -3
90 81 -103
90 82 0
90 83 -10
90 84 -212
90 85 -39
90 86 -189
90 87 -189
90 88 0
90 89 -189
90 90 0
90 91 -90
90 92 -189
90 93 -463
90 94 -579
90 95 0
90 96 -189
90 97 -10
90 98 0
90 99 -22
90 100 -24
90 101 -118
90 102 -145
90 103 -255
90 104 0
90 105 -52
90 106 -755
90 107 0
90 108 -22
90 109 0
90 110 0
90 111 -58
90 112 -43
90 113 -15
90 114 0
90 115 -1
90 116 -208
90 117 -36
90 118 -195
90 119 -204
90 120 0
90 121 -432
90 122 -21
90 123 -185
90 124 -45
90 125 -198
90 126 -158
91 33 -121
91 34 -23
91 35 -252
91 36 -451
91 37 -146
91 38 -235
91 39 -23
91 40 -180
91 41 -5
91 42 -11
91 43 -704
91 44 -688
91 45 -699
91 46 -724
91 47 -274
91 48 -170
91 49 -108
91 50 -69
91 51 -172
91 52 -64
91 53 -219
91 54 -305
91 55 -5
91 56 -47
91 57 -85
91 58 -647
91 59 -647
91 60 -696
91 61 -697
91 62 -684
91 63 -60
91 64 -346
91 65 -530
91 66 -263
91 67 -259
91 68 -104
91 69 -89
91 70 -109
91 71 -285
91 72 -130
91 73 -160
91 74 -680
91 75 -79
91 76 -141
91 77 -290
91 78 -93
91 79 -199
91 80 -48
91 81 -266
91 82 -141
91 83 -254
91 84 -7
91 85 -66
91 86 -5
91 87 -5
91 88 -166
91 89 -5
91 90 -87
91 91 -245
91 92 -4
91 93 -278
91 94 -371
91 95 -801
91 96 -5
91 97 -733
91 98 -73
91 99 -724
91 100 -706
91 101 -688
91 102 -377
91 103 -332
91 104 -96
91 105 -3
91 106 -298
91 107 -108
91 108 -55
91 109 -761
91 110 -764
91 111 -693
91 112 -276
91 113 -668
91 114 -765
91 115 -758
91 116 -326
91 117 -684
91 118 -646
91 119 -646
91 120 -646
91 121 -363
91 122 -658
91 123 -282
91 124 -154
91 125 -1
91 126 -708
92 33 -429
92 34 -875
92 35 -526
92 36 -451
92 37 -499
92 38 -400
92 39 -746
92 40 -217
92 41 -19
92 42 -870
92 43 -508
92 44 -344
92 45 -520
92 46 -429
92 47 0
92 48 -508
92 49 -344
92 50 -362
92 51 -344
92 52 -678
92 53 -390
92 54 -579
92 55 -923
92 56 -394
92 57 -764
92 58 -429
92 59 -376
92 60 -525
92 61 -437
92 62 -344
92 63 -429
92 64 -290
92 65 -344
92 66 -344
92 67 -482
92 68 -344
92 69 -344
92 70 -355
92 71 -499
92 72 -414
92 73 -410
92 74 -494
92 75 -404
92 76 -416
92 77 -344
92 78 -345
92 79 -564
92 80 -348
92 81 -498
92 82 -344
92 83 -391
92 84 -653
92 85 -416
92 86 -648
92 87 -646
92 88 -344
92 89 -729
92 90 -351
92 91 -2
92 92 -906
92 93 -4
92 94 -614
92 95 -211
92 96 -746
92 97 -379
92 98 -344
92 99 -406
92 100 -407
92 101 -506
92 102 -489
92 103 -57
92 104 -344
92 105 -398
92 106 -24
92 107 -344
92 108 -384
92 109 -344
92 110 -348
92 111 -449
92 112 -2
92 113 -393
92 114 -346
92 115 -365
92 116 -575
92 117 -422
92 118 -567
92 119 -595
92 120 -344
92 121 -88
92 122 -367
92 123 -250
92 124 0
92 125 -35
92 126 -497
93 33 -121
93 34 -19
93 35 -77
93 36 -169
93 37 -59
93 38 -177
93 39 -19
93 40 -97
93 41 -2
93 42 -14
93 43 -146
93 44 -203
93 45 -141
93 46 -177
93 47 -252
93 48 -89
93 49 -108
93 50 -34
93 51 -175
93 52 -66
93 53 -190
93 54 -118
93 55 -2
93 56 -49
93 57 -43
93 58 -74
93 59 -74
93 60 -137
93 61 -136
93 62 -110
93 63 -63
93 64 -142
93 65 -203
93 66 -203
93 67 -120
93 68 -100
93 69 -86
93 70 -107
93 71 -111
93 72 -132
93 73 -159
93 74 -151
93 75 -78
93 76 -140
93 77 -204
93 78 -90
93 79 -99
93 80 -47
93 81 -111
93 82 -141
93 83 -190
93 84 -10
93 85 -69
93 86 -2
93 87 -2
93 88 -164
93 89 -2
93 90 -86
93 91 -247
93 92 -2
93 93 -245
93 94 -104
93 95 -227
93 96 -2
93 97 -175
93 98 -73
93 99 -166
93 100 -167
93 101 -129
93 102 -87
93 103 -241
93 104 -95
93 105 -1
93 106 -243
93 107 -105
93 108 -57
93 109 -194
93 110 -203
93 111 -131
93 112 -176
93 113 -180
93 114 -198
93 115 -198
93 116 -84
93 117 -110
93 118 -72
93 119 -72
93 120 -72
93 121 -239
93 122 -90
93 123 -147
93 124 -157
93 125 -3
93 126 -150
94 33 -112
94 34 -247
94 35 -25
94 36 -286
94 37 -68
94 38 -141
94 39 -247
94 40 -8
94 41 -356
94 42 -237
94 43 -86
94 44 0
94 45 0
94 46 0
94 47 -712
94 48 0
94 49 -34
94 50 -190
94 51 -491
94 52 -19
94 53 -505
94 54 -10
94 55 -427
94 56 -127
94 57 -105
94 58 -33
94 59 -33
94 60 -51
94 61 -28
94 62 -76
94 63 -119
94 64 -34
94 65 -229
94 66 -225
94 67 -14
94 68 -89
94 69 -86
94 70 -52
94 71 -5
94 72 -27
94 73 -371
94 74 -122
94 75 -34
94 76 -61
94 77 -134
94 78 -46
94 79 -1
94 80 -18
94 81 -6
94 82 -61
94 83 -262
94 84 -287
94 85 -1
94 86 -93
94 87 -174
94 88 -250
94 89 -326
94 90 -280
94 91 -192
94 92 -289
94 93 -699
94 94 0
94 95 0
94 96 -398
94 97 -94
94 98 -45
94 99 -83
94 100 -94
94 101 -32
94 102 -8
94 103 -258
94 104 -50
94 105 -152
94 106 -788
94 107 -72
94 108 -8
94 109 -113
94 110 -153
94 111 -24
94 112 -91
94 113 -157
94 114 -161
94 115 -309
94 116 -13
94 117 -40
94 118 -38
94 119 -39
94 120 -41
94 121 -417
94 122 -5
94 123 -93
94 124 -86
94 125 -327
94 126 -113
95 33 0
95 34 0
95 35 0
95 36 0
95 37 0
95 38 0
95 39 0
95 40 -66
95 41 -261
95 42 0
95 43 0
95 44 0
95 45 0
95 46 0
95 47 -214
95 48 0
95 49 0
95 50 0
95 51 0
95 52 0
95 53 0
95 54 0
95 55 0
95 56 0
95 57 0
95 58 0
95 59 0
95 60 0
95 61 0
95 62 0
95 63 0
95 64 -57
95 65 0
95 66 0
95 67 0
95 68 0
95 69 0
95 70 0
95 71 0
95 72 0
95 73 0
95 74 0
95 75 0
95 76 0
95 77 0
95 78 0
95 79 0
95 80 0
95 81 0
95 82 0
95 83 0
95 84 0
95 85 0
95 86 0
95 87 0
95 88 0
95 89 0
95 90 0
95 91 -54
95 92 -670
95 93 -636
95 94 0
95 95 0
95 96 0
95 97 0
95 98 0
95 99 0
95 100 0
95 101 0
95 102 0
95 103 -54
95 104 0
95 105 0
95 106 -87
95 107 0
95 108 0
95 109 0
95 110 0
95 111 0
95 112 -20
95 113 -128
95 114 0
95 115 0
95 116 0
95 117 0
95 118 0
95 119 0
95 120 0
95 121 -32
95 122 0
95 123 -241
95 124 -31
95 125 -476
95 126 0
96 33 -121
96 34 0
96 35 -289
96 36 -319
96 37 -63
96 38 -217
96 39 0
96 40 -111
96 41 -51
96 42 -1
96 43 0
96 44 0
96 45 0
96 46 0
96 47 -779
96 48 -106
96 49 -101
96 50 -10
96 51 -184
96 52 -48
96 53 -231
96 54 -248
96 55 -51
96 56 -32
96 57 -23
96 58 0
96 59 0
96 60 0
96 61 0
96 62 0
96 63 -59
96 64 -230
96 65 -472
96 66 -303
96 67 -170
96 68 -120
96 69 -118
96 70 -114
96 71 -192
96 72 -114
96 73 -194
96 74 -616
96 75 -81
96 76 -143
96 77 -254
96 78 -99
96 79 -124
96 80 -50
96 81 -176
96 82 -132
96 83 -213
96 84 -4
96 85 -45
96 86 -21
96 87 -43
96 88 -212
96 89 -50
96 90 -118
96 91 -242
96 92 -47
96 93 -325
96 94 -238
96 95 0
96 96 -50
96 97 0
96 98 -72
96 99 0
96 100 -627
96 101 0
96 102 -341
96 103 0
96 104 -97
96 105 -45
96 106 -650
96 107 -114
96 108 -44
96 109 0
96 110 0
96 111 0
96 112 0
96 113 0
96 114 0
96 115 0
96 116 -323
96 117 0
96 118 0
96 119 0
96 120 0
96 121 0
96 122 0
96 123 -261
96 124 -137
96 125 -15
96 126 0
97 33 -14
97 34 0
97 35 -63
97 36 -15
97 37 -81
97 38 -13
97 39 0
97 40 -16
97 41 -365
97 42 -195
97 43 -22
97 44 0
97 45 -24
97 46 -14
97 47 -383
97 48 -46
97 49 0
97 50 -18
97 51 0
97 52 -75
97 53 -9
97 54 -45
97 55 -533
97 56 -12
97 57 -99
97 58 -14
97 59 -32
97 60 -26
97 61 -14
97 62 0
97 63 -14
97 64 -16
97 65 0
97 66 0
97 67 -22
97 68 0
97 69 0
97 70 -8
97 71 -32
97 72 -16
97 73 -13
97 74 -19
97 75 -13
97 76 -14
97 77 0
97 78 0
97 79 -47
97 80 -3
97 81 -31
97 82 0
97 83 -9
97 84 -295
97 85 -26
97 86 -132
97 87 -213
97 88 0
97 89 -321
97 90 0
97 91 -90
97 92 -273
97 93 -656
97 94 -60
97 95 0
97 96 0
97 97 -10
97 98 0
97 99 -14
97 100 -14
97 101 -33
97 102 -72
97 103 -228
97 104 0
97 105 -52
97 106 -755
97 107 0
97 108 -16
97 109 0
97 110 0
97 111 -19
97 112 -43
97 113 -12
97 114 0
97 115 -2
97 116 -74
97 117 -15
97 118 -75
97 119 -76
97 120 0
97 121 -400
97 122 -21
97 123 -21
97 124 -45
97 125 -472
97 126 -20
98 33 -86
98 34 -558
98 35 -33
98 36 -66
98 37 -73
98 38 -76
98 39 -558
98 40 -5
98 41 -363
98 42 -269
98 43 -23
98 44 -197
98 45 -17
98 46 -86
98 47 -650
98 48 -2
98 49 -29
98 50 -221
98 51 -205
98 52 -27
98 53 -134
98 54 -1
98 55 -552
98 56 -76
98 57 -107
98 58 -41
98 59 -41
98 60 -13
98 61 -23
98 62 -84
98 63 -86
98 64 -19
98 65 -161
98 66 -202
98 67 -6
98 68 -75
98 69 -67
98 70 -34
98 71 -1
98 72 -16
98 73 -87
98 74 -31
98 75 -24
98 76 -39
98 77 -109
98 78 -36
98 79 0
98 80 -13
98 81 -1
98 82 -47
98 83 -133
98 84 -352
98 85 0
98 86 -100
98 87 -177
98 88 -119
98 89 -328
98 90 -157
98 91 -177
98 92 -294
98 93 -734
98 94 -1
98 95 0
98 96 -556
98 97 -59
98 98 -37
98 99 -45
98 100 -49
98 101 -6
98 102 -15
98 103 -233
98 104 -41
98 105 -134
98 106 -794
98 107 -63
98 108 -5
98 109 -98
98 110 -135
98 111 -14
98 112 -89
98 113 -78
98 114 -141
98 115 -172
98 116 -20
98 117 -26
98 118 -46
98 119 -46
98 120 -48
98 121 -402
98 122 -11
98 123 -25
98 124 -80
98 125 -452
98 126 -30
99 33 -1
99 34 0
99 35 -167
99 36 -6
99 37 -171
99 38 0
99 39 0
99 40 -4
99 41 -375
99 42 -285
99 43 -51
99 44 -22
99 45 -67
99 46 -1
99 47 -490
99 48 -65
99 49 -7
99 50 -40
99 51 -22
99 52 -168
99 53 -3
99 54 -139
99 55 -520
99 56 0
99 57 -189
99 58 -1
99 59 -54
99 60 -71
99 61 -2
99 62 -22
99 63 -1
99 64 -4
99 65 -22
99 66 -22
99 67 -31
99 68 -17
99 69 -7
99 70 0
99 71 -47
99 72 -6
99 73 0
99 74 -35
99 75 0
99 76 -3
99 77 -22
99 78 -3
99 79 -110
99 80 0
99 81 -48
99 82 -5
99 83 -2
99 84 -294
99 85 -18
99 86 -222
99 87 -219
99 88 -8
99 89 -366
99 90 -15
99 91 -113
99 92 -364
99 93 -673
99 94 -209
99 95 0
99 96 0
99 97 0
99 98 -13
99 99 -1
99 100 -2
99 101 -80
99 102 -166
99 103 -220
99 104 -5
99 105 -58
99 106 -781
99 107 -15
99 108 -5
99 109 -14
99 110 -21
99 111 -17
99 112 -59
99 113 0
99 114 -24
99 115 -11
99 116 -171
99 117 -6
99 118 -166
99 119 -165
99 120 -22
99 121 -397
99 122 -41
99 123 -46
99 124 -53
99 125 -467
99 126 -38
100 33 -113
100 34 -12
100 35 -48
100 36 -111
100 37 -35
100 38 -113
100 39 -12
100 40 -68
100 41 0
100 42 -10
100 43 -102
100 44 -108
100 45 -99
100 46 -113
100 47 -491
100 48 -58
100 49 -101
100 50 -20
100 51 -108
100 52 -48
100 53 -113
100 54 -81
100 55 0
100 56 -43
100 57 -25
100 58 -45
100 59 -45
100 60 -97
100 61 -100
100 62 -82
100 63 -61
100 64 -104
100 65 -108
100 66 -108
100 67 -85
100 68 -98
100 69 -84
100 70 -105
100 71 -76
100 72 -99
100 73 -113
100 74 -105
100 75 -76
100 76 -111
100 77 -108
100 78 -88
100 79 -66
100 80 -46
100 81 -76
100 82 -108
100 83 -113
100 84 -8
100 85 -53
100 86 0
100 87 0
100 88 -108
100 89 0
100 90 -87
100 91 -198
100 92 0
100 93 -274
100 94 -69
100 95 0
100 96 0
100 97 -113
100 98 -74
100 99 -112
100 100 -112
100 101 -91
100 102 -55
100 103 -317
100 104 -93
100 105 0
100 106 -605
100 107 -103
100 108 -57
100 109 -108
100 110 -108
100 111 -96
100 112 -147
100 113 -113
100 114 -108
100 115 -110
100 116 -52
100 117 -82
100 118 -44
100 119 -44
100 120 -44
100 121 -486
100 122 -57
100 123 -103
100 124 -146
100 125 -4
100 126 -104
101 33 -2
101 34 0
101 35 -138
101 36 -9
101 37 -157
101 38 0
101 39 0
101 40 -5
101 41 -374
101 42 -301
101 43 -60
101 44 -17
101 45 -79
101 46 -2
101 47 -477
101 48 -69
101 49 -6
101 50 -35
101 51 -17
101 52 -137
101 53 -1
101 54 -144
101 55 -520
101 56 0
101 57 -183
101 58 -2
101 59 -49
101 60 -83
101 61 -4
101 62 -18
101 63 -2
101 64 -5
101 65 -17
101 66 -17
101 67 -36
101 68 -15
101 69 -6
101 70 0
101 71 -52
101 72 -8
101 73 -1
101 74 -43
101 75 0
101 76 -4
101 77 -19
101 78 -2
101 79 -120
101 80 0
101 81 -53
101 82 -4
101 83 -1
101 84 -293
101 85 -19
101 86 -205
101 87 -223
101 88 -6
101 89 -366
101 90 -12
101 91 -110
101 92 -365
101 93 -671
101 94 -141
101 95 0
101 96 0
101 97 0
101 98 -11
101 99 -2
101 100 -3
101 101 -84
101 102 -135
101 103 -223
101 104 -4
101 105 -56
101 106 -779
101 107 -13
101 108 -7
101 109 -11
101 110 -16
101 111 -21
101 112 -57
101 113 0
101 114 -19
101 115 -8
101 116 -135
101 117 -8
101 118 -143
101 119 -143
101 120 -18
101 121 -399
101 122 -36
101 123 -55
101 124 -52
101 125 -468
101 126 -46
102 33 -122
102 34 -174
102 35 0
102 36 -243
102 37 -7
102 38 -243
102 39 -174
102 40 -19
102 41 -178
102 42 -129
102 43 -384
102 44 -599
102 45 -558
102 46 -574
102 47 -783
102 48 -9
102 49 -53
102 50 -82
102 51 -334
102 52 -1
102 53 -382
102 54 -82
102 55 -177
102 56 -118
102 57 -27
102 58 0
102 59 0
102 60 -243
102 61 -89
102 62 -38
102 63 -176
102 64 -74
102 65 -310
102 66 -262
102 67 -43
102 68 -114
102 69 -111
102 70 -80
102 71 -36
102 72 -54
102 73 -330
102 74 -562
102 75 -54
102 76 -100
102 77 -172
102 78 -68
102 79 -18
102 80 -31
102 81 -34
102 82 -87
102 83 -213
102 84 -164
102 85 -8
102 86 -58
102 87 -150
102 88 -339
102 89 -178
102 90 -255
102 91 -214
102 92 -177
102 93 -452
102 94 -38
102 95 0
102 96 -178
102 97 -150
102 98 -63
102 99 -159
102 100 -182
102 101 -152
102 102 -6
102 103 -329
102 104 -67
102 105 -113
102 106 -764
102 107 -89
102 108 -17
102 109 -122
102 110 -138
102 111 -62
102 112 -101
102 113 -274
102 114 -126
102 115 -360
102 116 -3
102 117 -38
102 118 0
102 119 0
102 120 0
102 121 -439
102 122 -10
102 123 -251
102 124 -100
102 125 -163
102 126 -420
103 33 -51
103 34 0
103 35 0
103 36 -44
103 37 -5
103 38 -52
103 39 0
103 40 -12
103 41 -259
103 42 -118
103 43 -25
103 44 -88
103 45 -21
103 46 -51
103 47 -240
103 48 -3
103 49 -37
103 50 -71
103 51 -88
103 52 0
103 53 -68
103 54 -9
103 55 -557
103 56 -56
103 57 -22
103 58 0
103 59 0
103 60 -19
103 61 -30
103 62 -38
103 63 -51
103 64 -26
103 65 -87
103 66 -88
103 67 -15
103 68 -78
103 69 -65
103 70 -38
103 71 -9
103 72 -25
103 73 -54
103 74 -29
103 75 -33
103 76 -40
103 77 -89
103 78 -43
103 79 -5
103 80 -21
103 81 -9
103 82 -52
103 83 -68
103 84 -352
103 85 -5
103 86 -55
103 87 -146
103 88 -73
103 89 -245
103 90 -83
103 91 -176
103 92 -197
103 93 -214
103 94 -4
103 95 -129
103 96 0
103 97 -50
103 98 -46
103 99 -42
103 100 -43
103 101 -15
103 102 -1
103 103 -162
103 104 -49
103 105 -113
103 106 -176
103 107 -70
103 108 -12
103 109 -80
103 110 -87
103 111 -23
103 112 -95
103 113 -55
103 114 -89
103 115 -79
103 116 -1
103 117 -31
103 118 0
103 119 0
103 120 0
103 121 -152
103 122 -1
103 123 -26
103 124 -89
103 125 -265
103 126 -28
104 33 -29
104 34 -594
104 35 -11
104 36 -25
104 37 -33
104 38 -30
104 39 -594
104 40 -9
104 41 -343
104 42 -176
104 43 -15
104 44 -48
104 45 -13
104 46 -29
104 47 -436
104 48 0
104 49 -33
104 50 -66
104 51 -48
104 52 -8
104 53 -38
104 54 -5
104 55 -546
104 56 -33
104 57 -59
104 58 -15
104 59 -15
104 60 -12
104 61 -26
104 62 -48
104 63 -29
104 64 -17
104 65 -48
104 66 -48
104 67 -10
104 68 -49
104 69 -41
104 70 -25
104 71 -5
104 72 -17
104 73 -31
104 74 -17
104 75 -24
104 76 -25
104 77 -49
104 78 -33
104 79 -2
104 80 -17
104 81 -5
104 82 -38
104 83 -37
104 84 -328
104 85 -1
104 86 -79
104 87 -170
104 88 -43
104 89 -282
104 90 -46
104 91 -142
104 92 -242
104 93 -707
104 94 -1
104 95 0
104 96 -598
104 97 -31
104 98 -40
104 99 -27
104 100 -26
104 101 -9
104 102 -3
104 103 -230
104 104 -38
104 105 -93
104 106 -780
104 107 -49
104 108 -8
104 109 -46
104 110 -48
104 111 -16
104 112 -92
104 113 -32
104 114 -48
104 115 -43
104 116 -5
104 117 -21
104 118 -17
104 119 -16
104 120 -18
104 121 -399
104 122 -1
104 123 -16
104 124 -83
104 125 -449
104 126 -17
105 33 -121
105 34 -44
105 35 -96
105 36 -151
105 37 -119
105 38 -161
105 39 -44
105 40 -92
105 41 0
105 42 -24
105 43 -120
105 44 -191
105 45 -114
105 46 -162
105 47 -574
105 48 -84
105 49 -109
105 50 -111
105 51 -179
105 52 -68
105 53 -182
105 54 -91
105 55 0
105 56 -61
105 57 -117
105 58 -100
105 59 -100
105 60 -110
105 61 -111
105 62 -140
105 63 -72
105 64 -114
105 65 -191
105 66 -191
105 67 -97
105 68 -98
105 69 -84
105 70 -105
105 71 -89
105 72 -110
105 73 -159
105 74 -128
105 75 -76
105 76 -136
105 77 -191
105 78 -88
105 79 -85
105 80 -46
105 81 -90
105 82 -142
105 83 -181
105 84 -20
105 85 -74
105 86 0
105 87 0
105 88 -162
105 89 0
105 90 -87
105 91 -250
105 92 0
105 93 -274
105 94 -84
105 95 0
105 96 0
105 97 -155
105 98 -74
105 99 -143
105 100 -145
105 101 -102
105 102 -87
105 103 -330
105 104 -93
105 105 0
105 106 -605
105 107 -103
105 108 -60
105 109 -191
105 110 -191
105 111 -107
105 112 -176
105 113 -164
105 114 -191
105 115 -191
105 116 -89
105 117 -122
105 118 -102
105 119 -102
105 120 -103
105 121 -498
105 122 -86
105 123 -122
105 124 -162
105 125 -7
105 126 -126
106 33 -55
106 34 -44
106 35 -73
106 36 -51
106 37 -90
106 38 -56
106 39 -44
106 40 -45
106 41 0
106 42 -24
106 43 -45
106 44 -78
106 45 -44
106 46 -55
106 47 -232
106 48 -52
106 49 -63
106 50 -96
106 51 -78
106 52 -68
106 53 -65
106 54 -47
106 55 0
106 56 -59
106 57 -108
106 58 -55
106 59 -77
106 60 -44
106 61 -54
106 62 -78
106 63 -55
106 64 -46
106 65 -78
106 66 -78
106 67 -44
106 68 -79
106 69 -68
106 70 -52
106 71 -46
106 72 -46
106 73 -57
106 74 -45
106 75 -51
106 76 -51
106 77 -80
106 78 -59
106 79 -49
106 80 -46
106 81 -46
106 82 -64
106 83 -65
106 84 -20
106 85 -46
106 86 0
106 87 0
106 88 -71
106 89 0
106 90 -75
106 91 -174
106 92 0
106 93 -204
106 94 -53
106 95 -119
106 96 0
106 97 -57
106 98 -70
106 99 -52
106 100 -52
106 101 -45
106 102 -64
106 103 -159
106 104 -64
106 105 0
106 106 -172
106 107 -78
106 108 -44
106 109 -76
106 110 -78
106 111 -45
106 112 -120
106 113 -58
106 114 -79
106 115 -72
106 116 -67
106 117 -48
106 118 -78
106 119 -78
106 120 -78
106 121 -149
106 122 -61
106 123 -45
106 124 -110
106 125 -7
106 126 -45
107 33 -91
107 34 -467
107 35 -1
107 36 -113
107 37 -5
107 38 -75
107 39 -467
107 40 -21
107 41 -313
107 42 -118
107 43 -208
107 44 -57
107 45 -240
107 46 -91
107 47 -440
107 48 -11
107 49 -55
107 50 -71
107 51 -57
107 52 -2
107 53 -66
107 54 -93
107 55 -471
107 56 -72
107 57 -22
107 58 0
107 59 0
107 60 -219
107 61 -98
107 62 -38
107 63 -91
107 64 -75
107 65 -57
107 66 -57
107 67 -47
107 68 -57
107 69 -57
107 70 -65
107 71 -40
107 72 -56
107 73 -80
107 74 -176
107 75 -56
107 76 -87
107 77 -57
107 78 -57
107 79 -20
107 80 -32
107 81 -38
107 82 -57
107 83 -67
107 84 -352
107 85 -9
107 86 -55
107 87 -146
107 88 -57
107 89 -245
107 90 -57
107 91 -147
107 92 -197
107 93 -713
107 94 -44
107 95 0
107 96 -471
107 97 -67
107 98 -57
107 99 -80
107 100 -81
107 101 -159
107 102 -9
107 103 -312
107 104 -57
107 105 -109
107 106 -764
107 107 -57
107 108 -18
107 109 -57
107 110 -57
107 111 -68
107 112 -100
107 113 -72
107 114 -57
107 115 -59
107 116 -6
107 117 -38
107 118 0
107 119 0
107 120 0
107 121 -441
107 122 -14
107 123 -198
107 124 -101
107 125 -457
107 126 -184
108 33 -56
108 34 -15
108 35 -44
108 36 -59
108 37 -36
108 38 -40
108 39 -15
108 40 -43
108 41 0
108 42 -12
108 43 -62
108 44 -23
108 45 -62
108 46 -56
108 47 -406
108 48 -51
108 49 -23
108 50 -23
108 51 -23
108 52 -44
108 53 -32
108 54 -57
108 55 0
108 56 -37
108 57 -28
108 58 -42
108 59 -42
108 60 -61
108 61 -57
108 62 -23
108 63 -56
108 64 -41
108 65 -23
108 66 -23
108 67 -61
108 68 -23
108 69 -23
108 70 -31
108 71 -57
108 72 -56
108 73 -45
108 74 -62
108 75 -41
108 76 -52
108 77 -23
108 78 -23
108 79 -54
108 80 -26
108 81 -58
108 82 -23
108 83 -32
108 84 -10
108 85 -52
108 86 0
108 87 0
108 88 -23
108 89 0
108 90 -23
108 91 -113
108 92 0
108 93 -274
108 94 -53
108 95 0
108 96 0
108 97 -33
108 98 -23
108 99 -45
108 100 -47
108 101 -60
108 102 -48
108 103 -273
108 104 -23
108 105 0
108 106 -605
108 107 -23
108 108 -45
108 109 -23
108 110 -23
108 111 -62
108 112 -66
108 113 -37
108 114 -23
108 115 -24
108 116 -46
108 117 -58
108 118 -42
108 119 -42
108 120 -23
108 121 -444
108 122 -44
108 123 -62
108 124 -68
108 125 -6
108 126 -62
109 33 -5
109 34 0
109 35 -30
109 36 -3
109 37 -57
109 38 -6
109 39 0
109 40 0
109 41 -366
109 42 -189
109 43 0
109 44 -20
109 45 0
109 46 -5
109 47 -408
109 48 -9
109 49 -15
109 50 -38
109 51 -20
109 52 -29
109 53 -11
109 54 -4
109 55 -524
109 56 -7
109 57 -82
109 58 -5
109 59 -37
109 60 0
109 61 -4
109 62 -20
109 63 -5
109 64 -1
109 65 -20
109 66 -20
109 67 0
109 68 -21
109 69 -15
109 70 -4
109 71 -2
109 72 -1
109 73 -6
109 74 0
109 75 -4
109 76 -3
109 77 -21
109 78 -10
109 79 -6
109 80 -2
109 81 -2
109 82 -13
109 83 -11
109 84 -303
109 85 -2
109 86 -102
109 87 -185
109 88 -16
109 89 -306
109 90 -18
109 91 -114
109 92 -263
109 93 -679
109 94 -10
109 95 0
109 96 0
109 97 -6
109 98 -20
109 99 -4
109 100 -3
109 101 -1
109 102 -21
109 103 -213
109 104 -13
109 105 -66
109 106 -779
109 107 -21
109 108 0
109 109 -19
109 110 -20
109 111 0
109 112 -66
109 113 -7
109 114 -20
109 115 -16
109 116 -25
109 117 -2
109 118 -40
109 119 -39
109 120 -20
109 121 -382
109 122 -18
109 123 0
109 124 -61
109 125 -460
109 126 0
110 33 -14
110 34 0
110 35 -30
110 36 -9
110 37 -68
110 38 -14
110 39 0
110 40 -1
110 41 -376
110 42 -216
110 43 0
110 44 -35
110 45 0
110 46 -14
110 47 -419
110 48 -11
110 49 -19
110 50 -53
110 51 -35
110 52 -38
110 53 -24
110 54 -6
110 55 -529
110 56 -18
110 57 -96
110 58 -14
110 59 -47
110 60 0
110 61 -12
110 62 -35
110 63 -14
110 64 -2
110 65 -35
110 66 -35
110 67 0
110 68 -35
110 69 -28
110 70 -9
110 71 -2
110 72 -2
110 73 -16
110 74 -1
110 75 -8
110 76 -8
110 77 -35
110 78 -16
110 79 -9
110 80 -4
110 81 -2
110 82 -21
110 83 -24
110 84 -314
110 85 -2
110 86 -112
110 87 -185
110 88 -30
110 89 -320
110 90 -33
110 91 -126
110 92 -280
110 93 -693
110 94 -17
110 95 0
110 96 0
110 97 -15
110 98 -26
110 99 -10
110 100 -10
110 101 -1
110 102 -31
110 103 -215
110 104 -21
110 105 -80
110 106 -792
110 107 -35
110 108 0
110 109 -34
110 110 -34
110 111 -1
110 112 -78
110 113 -17
110 114 -35
110 115 -30
110 116 -34
110 117 -4
110 118 -50
110 119 -50
110 120 -35
110 121 -384
110 122 -28
110 123 -1
110 124 -67
110 125 -465
110 126 -1
111 33 -55
111 34 0
111 35 -18
111 36 -43
111 37 -46
111 38 -53
111 39 0
111 40 -7
111 41 -352
111 42 -205
111 43 -22
111 44 -117
111 45 -19
111 46 -55
111 47 -584
111 48 0
111 49 -31
111 50 -134
111 51 -116
111 52 -14
111 53 -81
111 54 -4
111 55 -555
111 56 -58
111 57 -74
111 58 -23
111 59 -23
111 60 -17
111 61 -24
111 62 -64
111 63 -55
111 64 -24
111 65 -115
111 66 -117
111 67 -10
111 68 -75
111 69 -63
111 70 -35
111 71 -3
111 72 -22
111 73 -57
111 74 -26
111 75 -29
111 76 -37
111 77 -98
111 78 -41
111 79 0
111 80 -16
111 81 -3
111 82 -50
111 83 -80
111 84 -350
111 85 0
111 86 -88
111 87 -174
111 88 -82
111 89 -298
111 90 -103
111 91 -175
111 92 -261
111 93 -732
111 94 0
111 95 0
111 96 0
111 97 -49
111 98 -41
111 99 -40
111 100 -41
111 101 -11
111 102 -7
111 103 -237
111 104 -46
111 105 -123
111 106 -787
111 107 -68
111 108 -7
111 109 -84
111 110 -108
111 111 -19
111 112 -91
111 113 -57
111 114 -113
111 115 -100
111 116 -10
111 117 -29
111 118 -26
111 119 -26
111 120 -28
111 121 -406
111 122 -4
111 123 -23
111 124 -83
111 125 -450
111 126 -25
112 33 -76
112 34 0
112 35 -21
112 36 -59
112 37 -51
112 38 -69
112 39 0
112 40 -5
112 41 -355
112 42 -214
112 43 -22
112 44 -162
112 45 -17
112 46 -76
112 47 -620
112 48 -1
112 49 -30
112 50 -171
112 51 -162
112 52 -17
112 53 -112
112 54 -1
112 55 -553
112 56 -72
112 57 -81
112 58 -27
112 59 -27
112 60 -14
112 61 -23
112 62 -68
112 63 -76
112 64 -19
112 65 -149
112 66 -161
112 67 -7
112 68 -75
112 69 -67
112 70 -35
112 71 -1
112 72 -17
112 73 -77
112 74 -30
112 75 -25
112 76 -39
112 77 -108
112 78 -37
112 79 0
112 80 -14
112 81 -1
112 82 -48
112 83 -110
112 84 -353
112 85 0
112 86 -91
112 87 -176
112 88 -106
112 89 -304
112 90 -137
112 91 -177
112 92 -267
112 93 -623
112 94 -1
112 95 -364
112 96 0
112 97 -56
112 98 -38
112 99 -44
112 100 -47
112 101 -7
112 102 -9
112 103 -234
112 104 -42
112 105 -133
112 106 -622
112 107 -64
112 108 -5
112 109 -97
112 110 -131
112 111 -15
112 112 -90
112 113 -72
112 114 -137
112 115 -139
112 116 -13
112 117 -27
112 118 -30
112 119 -30
112 120 -31
112 121 -402
112 122 -7
112 123 -24
112 124 -80
112 125 -451
112 126 -28
113 33 -123
113 34 0
113 35 -1
113 36 -137
113 37 -5
113 38 -146
113 39 0
113 40 -20
113 41 -258
113 42 -118
113 43 -88
113 44 -186
113 45 -79
113 46 -156
113 47 -239
113 48 -10
113 49 -53
113 50 -71
113 51 -186
113 52 -2
113 53 -175
113 54 -40
113 55 -599
113 56 -110
113 57 -22
113 58 0
113 59 0
113 60 -71
113 61 -57
113 62 -38
113 63 -148
113 64 -64
113 65 -186
113 66 -186
113 67 -39
113 68 -114
113 69 -111
113 70 -80
113 71 -30
113 72 -52
113 73 -157
113 74 -99
113 75 -55
113 76 -92
113 77 -164
113 78 -69
113 79 -18
113 80 -32
113 81 -30
113 82 -86
113 83 -174
113 84 -387
113 85 -9
113 86 -55
113 87 -146
113 88 -180
113 89 -245
113 90 -183
113 91 -215
113 92 -197
113 93 -243
113 94 -23
113 95 -236
113 96 0
113 97 -122
113 98 -64
113 99 -108
113 100 -115
113 101 -59
113 102 -7
113 103 -289
113 104 -68
113 105 -113
113 106 -263
113 107 -90
113 108 -18
113 109 -122
113 110 -138
113 111 -50
113 112 -102
113 113 -148
113 114 -126
113 115 -180
113 116 -5
113 117 -38
113 118 0
113 119 0
113 120 0
113 121 -289
113 122 -9
113 123 -91
113 124 -101
113 125 -274
113 126 -97
114 33 -122
114 34 0
114 35 0
114 36 -245
114 37 -11
114 38 -228
114 39 0
114 40 -17
114 41 -323
114 42 -150
114 43 -383
114 44 -643
114 45 -511
114 46 -660
114 47 -773
114 48 -7
114 49 -50
114 50 -104
114 51 -510
114 52 0
114 53 -420
114 54 -68
114 55 -602
114 56 -128
114 57 -34
114 58 -1
114 59 -1
114 60 -197
114 61 -77
114 62 -39
114 63 -164
114 64 -68
114 65 -299
114 66 -257
114 67 -38
114 68 -111
114 69 -108
114 70 -77
114 71 -30
114 72 -50
114 73 -560
114 74 -584
114 75 -51
114 76 -95
114 77 -167
114 78 -65
114 79 -15
114 80 -29
114 81 -29
114 82 -84
114 83 -218
114 84 -384
114 85 -7
114 86 -61
114 87 -154
114 88 -385
114 89 -258
114 90 -397
114 91 -212
114 92 -214
114 93 -775
114 94 -30
114 95 0
114 96 0
114 97 -142
114 98 -61
114 99 -148
114 100 -169
114 101 -142
114 102 -3
114 103 -317
114 104 -65
114 105 -114
114 106 -766
114 107 -87
114 108 -16
114 109 -122
114 110 -139
114 111 -55
114 112 -99
114 113 -258
114 114 -127
114 115 -350
114 116 -1
114 117 -40
114 118 -1
114 119 -1
114 120 -2
114 121 -437
114 122 -6
114 123 -252
114 124 -98
114 125 -453
114 126 -351
115 33 -122
115 34 0
115 35 0
115 36 -243
115 37 -8
115 38 -237
115 39 0
115 40 -19
115 41 -320
115 42 -137
115 43 -314
115 44 -261
115 45 -330
115 46 -257
115 47 -690
115 48 -8
115 49 -52
115 50 -89
115 51 -261
115 52 0
115 53 -252
115 54 -77
115 55 -605
115 56 -121
115 57 -29
115 58 0
115 59 0
115 60 -225
115 61 -85
115 62 -39
115 63 -172
115 64 -72
115 65 -260
115 66 -260
115 67 -41
115 68 -113
115 69 -110
115 70 -79
115 71 -34
115 72 -52
115 73 -254
115 74 -298
115 75 -53
115 76 -98
115 77 -171
115 78 -67
115 79 -17
115 80 -31
115 81 -32
115 82 -86
115 83 -215
115 84 -385
115 85 -8
115 86 -59
115 87 -151
115 88 -256
115 89 -252
115 90 -258
115 91 -213
115 92 -208
115 93 -777
115 94 -35
115 95 0
115 96 0
115 97 -147
115 98 -63
115 99 -156
115 100 -178
115 101 -149
115 102 -5
115 103 -325
115 104 -67
115 105 -114
115 106 -765
115 107 -89
115 108 -17
115 109 -122
115 110 -138
115 111 -60
115 112 -100
115 113 -252
115 114 -127
115 115 -255
115 116 -3
115 117 -39
115 118 -1
115 119 -1
115 120 -1
115 121 -438
115 122 -9
115 123 -251
115 124 -99
115 125 -454
115 126 -301
116 33 -122
116 34 -318
116 35 -1
116 36 -202
116 37 -6
116 38 -202
116 39 -318
116 40 -20
116 41 -315
116 42 -123
116 43 -233
116 44 -240
116 45 -246
116 46 -201
116 47 -712
116 48 -10
116 49 -54
116 50 -75
116 51 -240
116 52 -1
116 53 -211
116 54 -88
116 55 -317
116 56 -113
116 57 -24
116 58 0
116 59 0
116 60 -251
116 61 -94
116 62 -38
116 63 -181
116 64 -77
116 65 -239
116 66 -240
116 67 -45
116 68 -115
116 69 -112
116 70 -81
116 71 -38
116 72 -55
116 73 -202
116 74 -221
116 75 -55
116 76 -102
116 77 -174
116 78 -69
116 79 -19
116 80 -32
116 81 -37
116 82 -88
116 83 -210
116 84 -316
116 85 -9
116 86 -56
116 87 -148
116 88 -216
116 89 -247
116 90 -229
116 91 -215
116 92 -200
116 93 -591
116 94 -41
116 95 0
116 96 -317
116 97 -153
116 98 -64
116 99 -163
116 100 -187
116 101 -156
116 102 -8
116 103 -334
116 104 -68
116 105 -113
116 106 -764
116 107 -90
116 108 -18
116 109 -122
116 110 -138
116 111 -65
116 112 -101
116 113 -203
116 114 -126
116 115 -225
116 116 -5
116 117 -38
116 118 0
116 119 0
116 120 0
116 121 -440
116 122 -13
116 123 -229
116 124 -101
116 125 -316
116 126 -224
117 33 -86
117 34 0
117 35 -1
117 36 -79
117 37 -5
117 38 -86
117 39 0
117 40 -21
117 41 -313
117 42 -118
117 43 -56
117 44 -93
117 45 -51
117 46 -86
117 47 -476
117 48 -10
117 49 -52
117 50 -71
117 51 -93
117 52 -2
117 53 -92
117 54 -29
117 55 -586
117 56 -89
117 57 -22
117 58 0
117 59 0
117 60 -48
117 61 -48
117 62 -38
117 63 -86
117 64 -53
117 65 -93
117 66 -93
117 67 -34
117 68 -93
117 69 -93
117 70 -69
117 71 -26
117 72 -48
117 73 -87
117 74 -62
117 75 -54
117 76 -73
117 77 -93
117 78 -67
117 79 -17
117 80 -33
117 81 -26
117 82 -81
117 83 -92
117 84 -384
117 85 -9
117 86 -55
117 87 -146
117 88 -93
117 89 -245
117 90 -93
117 91 -183
117 92 -197
117 93 -749
117 94 -19
117 95 0
117 96 0
117 97 -86
117 98 -65
117 99 -77
117 100 -78
117 101 -40
117 102 -7
117 103 -268
117 104 -69
117 105 -113
117 106 -764
117 107 -91
117 108 -19
117 109 -93
117 110 -93
117 111 -44
117 112 -102
117 113 -89
117 114 -93
117 115 -93
117 116 -5
117 117 -38
117 118 0
117 119 0
117 120 0
117 121 -436
117 122 -9
117 123 -58
117 124 -101
117 125 -456
117 126 -61
118 33 -123
118 34 0
118 35 -1
118 36 -157
118 37 -5
118 38 -167
118 39 0
118 40 -22
118 41 -313
118 42 -118
118 43 -114
118 44 -239
118 45 -106
118 46 -173
118 47 -685
118 48 -12
118 49 -56
118 50 -71
118 51 -239
118 52 -2
118 53 -203
118 54 -64
118 55 -614
118 56 -110
118 57 -22
118 58 0
118 59 0
118 60 -99
118 61 -79
118 62 -38
118 63 -169
118 64 -81
118 65 -238
118 66 -238
118 67 -49
118 68 -117
118 69 -113
118 70 -83
118 71 -43
118 72 -58
118 73 -174
118 74 -125
118 75 -56
118 76 -106
118 77 -178
118 78 -71
118 79 -22
118 80 -33
118 81 -41
118 82 -90
118 83 -202
118 84 -388
118 85 -10
118 86 -55
118 87 -146
118 88 -202
118 89 -245
118 90 -225
118 91 -216
118 92 -197
118 93 -782
118 94 -41
118 95 0
118 96 0
118 97 -149
118 98 -65
118 99 -135
118 100 -142
118 101 -85
118 102 -12
118 103 -313
118 104 -70
118 105 -113
118 106 -764
118 107 -91
118 108 -19
118 109 -122
118 110 -138
118 111 -68
118 112 -102
118 113 -170
118 114 -126
118 115 -223
118 116 -7
118 117 -38
118 118 0
118 119 0
118 120 0
118 121 -441
118 122 -17
118 123 -118
118 124 -102
118 125 -457
118 126 -123
119 33 -123
119 34 0
119 35 -1
119 36 -155
119 37 -5
119 38 -165
119 39 0
119 40 -21
119 41 -313
119 42 -118
119 43 -114
119 44 -234
119 45 -105
119 46 -169
119 47 -682
119 48 -12
119 49 -56
119 50 -71
119 51 -233
119 52 -2
119 53 -199
119 54 -64
119 55 -612
119 56 -110
119 57 -22
119 58 0
119 59 0
119 60 -99
119 61 -79
119 62 -38
119 63 -169
119 64 -80
119 65 -233
119 66 -234
119 67 -48
119 68 -117
119 69 -113
119 70 -83
119 71 -42
119 72 -57
119 73 -172
119 74 -124
119 75 -56
119 76 -105
119 77 -177
119 78 -70
119 79 -21
119 80 -33
119 81 -40
119 82 -90
119 83 -198
119 84 -388
119 85 -10
119 86 -55
119 87 -146
119 88 -199
119 89 -245
119 90 -222
119 91 -216
119 92 -197
119 93 -782
119 94 -41
119 95 0
119 96 0
119 97 -150
119 98 -65
119 99 -135
119 100 -141
119 101 -85
119 102 -10
119 103 -314
119 104 -69
119 105 -113
119 106 -764
119 107 -91
119 108 -19
119 109 -122
119 110 -138
119 111 -68
119 112 -102
119 113 -168
119 114 -126
119 115 -219
119 116 -7
119 117 -38
119 118 0
119 119 0
119 120 0
119 121 -441
119 122 -16
119 123 -117
119 124 -102
119 125 -457
119 126 -122
120 33 -55
120 34 0
120 35 -1
120 36 -78
120 37 -5
120 38 -38
120 39 0
120 40 -21
120 41 -313
120 42 -118
120 43 -156
120 44 -20
120 45 -175
120 46 -55
120 47 -403
120 48 -11
120 49 -20
120 50 -38
120 51 -20
120 52 -2
120 53 -29
120 54 -94
120 55 -560
120 56 -35
120 57 -22
120 58 0
120 59 0
120 60 -179
120 61 -62
120 62 -20
120 63 -55
120 64 -38
120 65 -20
120 66 -20
120 67 -47
120 68 -20
120 69 -20
120 70 -28
120 71 -40
120 72 -53
120 73 -43
120 74 -134
120 75 -39
120 76 -49
120 77 -20
120 78 -20
120 79 -20
120 80 -23
120 81 -38
120 82 -20
120 83 -30
120 84 -314
120 85 -9
120 86 -55
120 87 -146
120 88 -20
120 89 -245
120 90 -20
120 91 -110
120 92 -197
120 93 -676
120 94 -44
120 95 0
120 96 0
120 97 -30
120 98 -20
120 99 -42
120 100 -44
120 101 -138
120 102 -9
120 103 -275
120 104 -20
120 105 -72
120 106 -764
120 107 -20
120 108 -18
120 109 -20
120 110 -20
120 111 -68
120 112 -63
120 113 -35
120 114 -20
120 115 -21
120 116 -6
120 117 -38
120 118 0
120 119 0
120 120 0
120 121 -441
120 122 -14
120 123 -149
120 124 -65
120 125 -456
120 126 -138
121 33 -88
121 34 0
121 35 -1
121 36 -81
121 37 -6
121 38 -88
121 39 0
121 40 -20
121 41 -302
121 42 -123
121 43 -60
121 44 -115
121 45 -56
121 46 -88
121 47 -283
121 48 -9
121 49 -52
121 50 -76
121 51 -115
121 52 -1
121 53 -101
121 54 -34
121 55 -591
121 56 -93
121 57 -24
121 58 0
121 59 0
121 60 -52
121 61 -52
121 62 -38
121 63 -88
121 64 -57
121 65 -115
121 66 -115
121 67 -38
121 68 -113
121 69 -102
121 70 -74
121 71 -28
121 72 -51
121 73 -90
121 74 -65
121 75 -54
121 76 -76
121 77 -116
121 78 -68
121 79 -17
121 80 -32
121 81 -28
121 82 -85
121 83 -101
121 84 -386
121 85 -9
121 86 -57
121 87 -148
121 88 -107
121 89 -247
121 90 -112
121 91 -207
121 92 -200
121 93 -250
121 94 -21
121 95 -148
121 96 0
121 97 -87
121 98 -64
121 99 -79
121 100 -80
121 101 -45
121 102 -6
121 103 -192
121 104 -68
121 105 -113
121 106 -209
121 107 -90
121 108 -18
121 109 -113
121 110 -115
121 111 -48
121 112 -101
121 113 -92
121 114 -115
121 115 -109
121 116 -4
121 117 -38
121 118 0
121 119 0
121 120 0
121 121 -180
121 122 -9
121 123 -61
121 124 -100
121 125 -303
121 126 -64
122 33 -7
122 34 0
122 35 -94
122 36 -19
122 37 -102
122 38 -3
122 39 0
122 40 -8
122 41 -372
122 42 -222
122 43 -87
122 44 -8
122 45 -118
122 46 -7
122 47 -451
122 48 -81
122 49 -4
122 50 -27
122 51 -8
122 52 -94
122 53 0
122 54 -155
122 55 -523
122 56 -2
122 57 -122
122 58 -7
122 59 -40
122 60 -115
122 61 -11
122 62 -8
122 63 -7
122 64 -8
122 65 -8
122 66 -8
122 67 -48
122 68 -9
122 69 -3
122 70 -2
122 71 -65
122 72 -14
122 73 -4
122 74 -63
122 75 -2
122 76 -9
122 77 -10
122 78 -1
122 79 -111
122 80 -1
122 81 -66
122 82 -2
122 83 0
122 84 -291
122 85 -24
122 86 -152
122 87 -232
122 88 -3
122 89 -345
122 90 -5
122 91 -104
122 92 -299
122 93 -667
122 94 -126
122 95 0
122 96 0
122 97 -1
122 98 -7
122 99 -5
122 100 -7
122 101 -92
122 102 -99
122 103 -230
122 104 -2
122 105 -53
122 106 -772
122 107 -8
122 108 -10
122 109 -6
122 110 -8
122 111 -29
122 112 -53
122 113 -1
122 114 -9
122 115 -3
122 116 -96
122 117 -14
122 118 -94
122 119 -95
122 120 -9
122 121 -407
122 122 -28
122 123 -80
122 124 -50
122 125 -469
122 126 -68
123 33 -155
123 34 -72
123 35 -282
123 36 -462
123 37 -208
123 38 -280
123 39 -72
123 40 -172
123 41 -29
123 42 -54
123 43 -482
123 44 -450
123 45 -476
123 46 -456
123 47 -9
123 48 -222
123 49 -143
123 50 -142
123 51 -211
123 52 -101
123 53 -257
123 54 -356
123 55 -35
123 56 -91
123 57 -144
123 58 -456
123 59 -475
123 60 -472
123 61 -457
123 62 -450
123 63 -102
123 64 -218
123 65 -450
123 66 -293
123 67 -327
123 68 -133
123 69 -119
123 70 -140
123 71 -355
123 72 -167
123 73 -193
123 74 -481
123 75 -111
123 76 -173
123 77 -335
123 78 -123
123 79 -259
123 80 -81
123 81 -333
123 82 -176
123 83 -306
123 84 -50
123 85 -106
123 86 -35
123 87 -35
123 88 -197
123 89 -35
123 90 -120
123 91 -3
123 92 -35
123 93 -1
123 94 -458
123 95 -472
123 96 -35
123 97 -451
123 98 -107
123 99 -455
123 100 -456
123 101 -467
123 102 -423
123 103 -17
123 104 -128
123 105 -34
123 106 -4
123 107 -138
123 108 -93
123 109 -450
123 110 -449
123 111 -472
123 112 0
123 113 -375
123 114 -450
123 115 -449
123 116 -359
123 117 -462
123 118 -475
123 119 -475
123 120 -450
123 121 -35
123 122 -470
123 123 -231
123 124 -6
123 125 -39
123 126 -483
124 33 -109
124 34 -24
124 35 -65
124 36 -107
124 37 -53
124 38 -110
124 39 -24
124 40 -84
124 41 0
124 42 -18
124 43 -98
124 44 -120
124 45 -96
124 46 -109
124 47 -165
124 48 -74
124 49 -109
124 50 -35
124 51 -120
124 52 -65
124 53 -115
124 54 -86
124 55 0
124 56 -54
124 57 -42
124 58 -63
124 59 -63
124 60 -95
124 61 -107
124 62 -99
124 63 -69
124 64 -101
124 65 -120
124 66 -120
124 67 -92
124 68 -98
124 69 -84
124 70 -105
124 71 -85
124 72 -100
124 73 -111
124 74 -100
124 75 -76
124 76 -106
124 77 -121
124 78 -88
124 79 -79
124 80 -46
124 81 -85
124 82 -117
124 83 -114
124 84 -15
124 85 -71
124 86 0
124 87 0
124 88 -119
124 89 0
124 90 -87
124 91 -162
124 92 0
124 93 -160
124 94 -79
124 95 -134
124 96 0
124 97 -111
124 98 -74
124 99 -108
124 100 -107
124 101 -91
124 102 -70
124 103 -148
124 104 -93
124 105 0
124 106 -153
124 107 -103
124 108 -61
124 109 -120
124 110 -120
124 111 -99
124 112 -153
124 113 -112
124 114 -120
124 115 -118
124 116 -68
124 117 -99
124 118 -61
124 119 -61
124 120 -61
124 121 -145
124 122 -72
124 123 -98
124 124 -163
124 125 -9
124 126 -100
125 33 -33
125 34 -222
125 35 -42
125 36 -17
125 37 -246
125 38 -27
125 39 -222
125 40 0
125 41 -251
125 42 -223
125 43 0
125 44 -146
125 45 -1
125 46 -33
125 47 -298
125 48 -23
125 49 -18
125 50 -194
125 51 -254
125 52 -262
125 53 -80
125 54 -35
125 55 -250
125 56 -32
125 57 -232
125 58 -33
125 59 -178
125 60 -3
125 61 -27
125 62 -190
125 63 -33
125 64 -1
125 65 -108
125 66 -170
125 67 -1
125 68 -48
125 69 -35
125 70 -9
125 71 -9
125 72 -2
125 73 -34
125 74 -1
125 75 -7
125 76 -10
125 77 -71
125 78 -16
125 79 -29
125 80 -3
125 81 -8
125 82 -23
125 83 -77
125 84 -225
125 85 -4
125 86 -182
125 87 -190
125 88 -64
125 89 -250
125 90 -100
125 91 -147
125 92 -249
125 93 -282
125 94 -83
125 95 -250
125 96 -250
125 97 -21
125 98 -25
125 99 -12
125 100 -13
125 101 -11
125 102 -191
125 103 -214
125 104 -22
125 105 -96
125 106 -266
125 107 -41
125 108 0
125 109 -57
125 110 -89
125 111 0
125 112 -78
125 113 -30
125 114 -95
125 115 -140
125 116 -205
125 117 -4
125 118 -137
125 119 -136
125 120 -176
125 121 -257
125 122 -175
125 123 0
125 124 -66
125 125 -231
125 126 0
126 33 -110
126 34 0
126 35 -32
126 36 -110
126 37 -155
126 38 -94
126 39 0
126 40 -4
126 41 -376
126 42 -426
126 43 -29
126 44 0
126 45 -19
126 46 0
126 47 -669
126 48 -5
126 49 -27
126 50 -320
126 51 -539
126 52 -64
126 53 -202
126 54 0
126 55 -551
126 56 -86
126 57 -206
126 58 -91
126 59 -91
126 60 -13
126 61 -24
126 62 -146
126 63 -118
126 64 -17
126 65 -183
126 66 -203
126 67 -4
126 68 -73
126 69 -67
126 70 -34
126 71 0
126 72 -14
126 73 -135
126 74 -43
126 75 -22
126 76 -39
126 77 -110
126 78 -34
126 79 -1
126 80 -11
126 81 0
126 82 -46
126 83 -199
126 84 -351
126 85 0
126 86 -124
126 87 -180
126 88 -168
126 89 -389
126 90 -206
126 91 -177
126 92 -340
126 93 -734
126 94 -9
126 95 0
126 96 0
126 97 -64
126 98 -35
126 99 -49
126 100 -55
126 101 -4
126 102 -41
126 103 -233
126 104 -39
126 105 -136
126 106 -800
126 107 -61
126 108 -4
126 109 -99
126 110 -141
126 111 -12
126 112 -88
126 113 -98
126 114 -148
126 115 -273
126 116 -52
126 117 -25
126 118 -85
126 119 -93
126 120 -101
126 121 -401
126 122 -33
126 123 -33
126 124 -78
126 125 -456
126 126 -40
